{
"AN": {
"N": "OOGA BOOGEY BG",
"SN": "lamp light",
"TL": {
"L": [
{
"LN": "light_flicker",
"FR": [
{
"I": 0,
"DU": 1,
"E": [
{
"SI": {
"SN": "light flicker",
"IN": "_bl0_",
"ST": "MC",
"TRP": {
"x": 1001.1,
"y": -314.55
},
"M3D": [
0.9801025390625,
0.1952972412109375,
0.0,
0.0,
-0.1952972412109375,
0.9801025390625,
0.0,
0.0,
0.0,
0.0,
1.0,
0.0,
-849.2,
-253.6,
0.0,
1.0
]
}
}
]
},
{
"I": 1,
"DU": 1,
"E": [
{
"SI": {
"SN": "light flicker",
"IN": "_bl0_",
"ST": "MC",
"TRP": {
"x": 1001.1,
"y": -314.6
},
"M3D": [
0.9802093505859375,
0.1944427490234375,
0.0,
0.0,
-0.1944427490234375,
0.9802093505859375,
0.0,
0.0,
0.0,
0.0,
1.0,
0.0,
-849.0,
-252.75,
0.0,
1.0
]
}
}
]
},
{
"I": 2,
"DU": 1,
"E": [
{
"SI": {
"SN": "light flicker",
"IN": "_bl0_",
"ST": "MC",
"TRP": {
"x": 1001.1,
"y": -314.6
},
"M3D": [
0.9805145263671875,
0.1930084228515625,
0.0,
0.0,
-0.1930084228515625,
0.9805145263671875,
0.0,
0.0,
0.0,
0.0,
1.0,
0.0,
-848.85,
-251.2,
0.0,
1.0
]
}
}
]
},
{
"I": 3,
"DU": 1,
"E": [
{
"SI": {
"SN": "light flicker",
"IN": "_bl0_",
"ST": "MC",
"TRP": {
"x": 1001.1,
"y": -314.65
},
"M3D": [
0.9809112548828125,
0.1909637451171875,
0.0,
0.0,
-0.1909637451171875,
0.9809112548828125,
0.0,
0.0,
0.0,
0.0,
1.0,
0.0,
-848.55,
-249.0,
0.0,
1.0
]
}
}
]
},
{
"I": 4,
"DU": 1,
"E": [
{
"SI": {
"SN": "light flicker",
"IN": "_bl0_",
"ST": "MC",
"TRP": {
"x": 1001.05,
"y": -314.65
},
"M3D": [
0.9814453125,
0.1882476806640625,
0.0,
0.0,
-0.1882476806640625,
0.9814453125,
0.0,
0.0,
0.0,
0.0,
1.0,
0.0,
-848.25,
-246.15,
0.0,
1.0
]
}
}
]
},
{
"I": 5,
"DU": 1,
"E": [
{
"SI": {
"SN": "light flicker",
"IN": "_bl0_",
"ST": "MC",
"TRP": {
"x": 1001.1,
"y": -314.55
},
"M3D": [
0.982086181640625,
0.1848602294921875,
0.0,
0.0,
-0.1848602294921875,
0.982086181640625,
0.0,
0.0,
0.0,
0.0,
1.0,
0.0,
-847.85,
-242.55,
0.0,
1.0
]
}
}
]
},
{
"I": 6,
"DU": 1,
"E": [
{
"SI": {
"SN": "light flicker",
"IN": "_bl0_",
"ST": "MC",
"TRP": {
"x": 1001.1,
"y": -314.55
},
"M3D": [
0.982879638671875,
0.1807403564453125,
0.0,
0.0,
-0.1807403564453125,
0.982879638671875,
0.0,
0.0,
0.0,
0.0,
1.0,
0.0,
-847.35,
-238.2,
0.0,
1.0
]
}
}
]
},
{
"I": 7,
"DU": 1,
"E": [
{
"SI": {
"SN": "light flicker",
"IN": "_bl0_",
"ST": "MC",
"TRP": {
"x": 1001.0,
"y": -314.6
},
"M3D": [
0.9837646484375,
0.1758880615234375,
0.0,
0.0,
-0.1758880615234375,
0.9837646484375,
0.0,
0.0,
0.0,
0.0,
1.0,
0.0,
-846.65,
-233.05,
0.0,
1.0
]
}
}
]
},
{
"I": 8,
"DU": 1,
"E": [
{
"SI": {
"SN": "light flicker",
"IN": "_bl0_",
"ST": "MC",
"TRP": {
"x": 1001.05,
"y": -314.6
},
"M3D": [
0.9847564697265625,
0.17022705078125,
0.0,
0.0,
-0.17022705078125,
0.9847564697265625,
0.0,
0.0,
0.0,
0.0,
1.0,
0.0,
-845.9,
-227.1,
0.0,
1.0
]
}
}
]
},
{
"I": 9,
"DU": 1,
"E": [
{
"SI": {
"SN": "light flicker",
"IN": "_bl0_",
"ST": "MC",
"TRP": {
"x": 1001.1,
"y": -314.55
},
"M3D": [
0.985870361328125,
0.1637420654296875,
0.0,
0.0,
-0.1637420654296875,
0.985870361328125,
0.0,
0.0,
0.0,
0.0,
1.0,
0.0,
-845.0,
-220.25,
0.0,
1.0
]
}
}
]
},
{
"I": 10,
"DU": 1,
"E": [
{
"SI": {
"SN": "light flicker",
"IN": "_bl0_",
"ST": "MC",
"TRP": {
"x": 1001.05,
"y": -314.6
},
"M3D": [
0.987060546875,
0.156402587890625,
0.0,
0.0,
-0.156402587890625,
0.987060546875,
0.0,
0.0,
0.0,
0.0,
1.0,
0.0,
-843.85,
-212.5,
0.0,
1.0
]
}
}
]
},
{
"I": 11,
"DU": 1,
"E": [
{
"SI": {
"SN": "light flicker",
"IN": "_bl0_",
"ST": "MC",
"TRP": {
"x": 1001.05,
"y": -314.6
},
"M3D": [
0.98834228515625,
0.148193359375,
0.0,
0.0,
-0.148193359375,
0.98834228515625,
0.0,
0.0,
0.0,
0.0,
1.0,
0.0,
-842.55,
-203.85,
0.0,
1.0
]
}
}
]
},
{
"I": 12,
"DU": 1,
"E": [
{
"SI": {
"SN": "light flicker",
"IN": "_bl0_",
"ST": "MC",
"TRP": {
"x": 1001.05,
"y": -314.55
},
"M3D": [
0.9897003173828125,
0.139068603515625,
0.0,
0.0,
-0.139068603515625,
0.9897003173828125,
0.0,
0.0,
0.0,
0.0,
1.0,
0.0,
-841.05,
-194.35,
0.0,
1.0
]
}
}
]
},
{
"I": 13,
"DU": 1,
"E": [
{
"SI": {
"SN": "light flicker",
"IN": "_bl0_",
"ST": "MC",
"TRP": {
"x": 1001.1,
"y": -314.6
},
"M3D": [
0.9910736083984375,
0.1290283203125,
0.0,
0.0,
-0.1290283203125,
0.9910736083984375,
0.0,
0.0,
0.0,
0.0,
1.0,
0.0,
-839.25,
-183.9,
0.0,
1.0
]
}
}
]
},
{
"I": 14,
"DU": 1,
"E": [
{
"SI": {
"SN": "light flicker",
"IN": "_bl0_",
"ST": "MC",
"TRP": {
"x": 1001.0,
"y": -314.55
},
"M3D": [
0.992431640625,
0.1181182861328125,
0.0,
0.0,
-0.1181182861328125,
0.992431640625,
0.0,
0.0,
0.0,
0.0,
1.0,
0.0,
-837.2,
-172.5,
0.0,
1.0
]
}
}
]
},
{
"I": 15,
"DU": 1,
"E": [
{
"SI": {
"SN": "light flicker",
"IN": "_bl0_",
"ST": "MC",
"TRP": {
"x": 1001.05,
"y": -314.55
},
"M3D": [
0.9938201904296875,
0.106292724609375,
0.0,
0.0,
-0.106292724609375,
0.9938201904296875,
0.0,
0.0,
0.0,
0.0,
1.0,
0.0,
-834.85,
-160.25,
0.0,
1.0
]
}
}
]
},
{
"I": 16,
"DU": 1,
"E": [
{
"SI": {
"SN": "light flicker",
"IN": "_bl0_",
"ST": "MC",
"TRP": {
"x": 1001.05,
"y": -314.55
},
"M3D": [
0.9951019287109375,
0.0936279296875,
0.0,
0.0,
-0.0936279296875,
0.9951019287109375,
0.0,
0.0,
0.0,
0.0,
1.0,
0.0,
-832.15,
-147.15,
0.0,
1.0
]
}
}
]
},
{
"I": 17,
"DU": 1,
"E": [
{
"SI": {
"SN": "light flicker",
"IN": "_bl0_",
"ST": "MC",
"TRP": {
"x": 1001.05,
"y": -314.55
},
"M3D": [
0.9962921142578125,
0.080169677734375,
0.0,
0.0,
-0.080169677734375,
0.9962921142578125,
0.0,
0.0,
0.0,
0.0,
1.0,
0.0,
-829.1,
-133.3,
0.0,
1.0
]
}
}
]
},
{
"I": 18,
"DU": 1,
"E": [
{
"SI": {
"SN": "light flicker",
"IN": "_bl0_",
"ST": "MC",
"TRP": {
"x": 1001.1,
"y": -314.6
},
"M3D": [
0.997344970703125,
0.0660247802734375,
0.0,
0.0,
-0.0660247802734375,
0.997344970703125,
0.0,
0.0,
0.0,
0.0,
1.0,
0.0,
-825.75,
-118.85,
0.0,
1.0
]
}
}
]
},
{
"I": 19,
"DU": 1,
"E": [
{
"SI": {
"SN": "light flicker",
"IN": "_bl0_",
"ST": "MC",
"TRP": {
"x": 1001.1,
"y": -314.6
},
"M3D": [
0.9982452392578125,
0.05126953125,
0.0,
0.0,
-0.05126953125,
0.9982452392578125,
0.0,
0.0,
0.0,
0.0,
1.0,
0.0,
-822.05,
-103.75,
0.0,
1.0
]
}
}
]
},
{
"I": 20,
"DU": 1,
"E": [
{
"SI": {
"SN": "light flicker",
"IN": "_bl0_",
"ST": "MC",
"TRP": {
"x": 1001.1,
"y": -314.6
},
"M3D": [
0.998931884765625,
0.0360565185546875,
0.0,
0.0,
-0.0360565185546875,
0.998931884765625,
0.0,
0.0,
0.0,
0.0,
1.0,
0.0,
-817.95,
-88.3,
0.0,
1.0
]
}
}
]
},
{
"I": 21,
"DU": 1,
"E": [
{
"SI": {
"SN": "light flicker",
"IN": "_bl0_",
"ST": "MC",
"TRP": {
"x": 1001.05,
"y": -314.65
},
"M3D": [
0.999420166015625,
0.0205230712890625,
0.0,
0.0,
-0.0205230712890625,
0.999420166015625,
0.0,
0.0,
0.0,
0.0,
1.0,
0.0,
-813.5,
-72.6,
0.0,
1.0
]
}
}
]
},
{
"I": 22,
"DU": 1,
"E": [
{
"SI": {
"SN": "light flicker",
"IN": "_bl0_",
"ST": "MC",
"TRP": {
"x": 1001.05,
"y": -314.55
},
"M3D": [
0.9996185302734375,
0.0048370361328125,
0.0,
0.0,
-0.0048370361328125,
0.9996185302734375,
0.0,
0.0,
0.0,
0.0,
1.0,
0.0,
-808.8,
-56.85,
0.0,
1.0
]
}
}
]
},
{
"I": 23,
"DU": 1,
"E": [
{
"SI": {
"SN": "light flicker",
"IN": "_bl0_",
"ST": "MC",
"TRP": {
"x": 1001.1,
"y": -314.6
},
"M3D": [
0.9996185302734375,
-0.0108184814453125,
0.0,
0.0,
0.0108184814453125,
0.9996185302734375,
0.0,
0.0,
0.0,
0.0,
1.0,
0.0,
-803.85,
-41.1,
0.0,
1.0
]
}
}
]
},
{
"I": 24,
"DU": 1,
"E": [
{
"SI": {
"SN": "light flicker",
"IN": "_bl0_",
"ST": "MC",
"TRP": {
"x": 1001.1,
"y": -314.6
},
"M3D": [
0.9993438720703125,
-0.026336669921875,
0.0,
0.0,
0.026336669921875,
0.9993438720703125,
0.0,
0.0,
0.0,
0.0,
1.0,
0.0,
-798.7,
-25.7,
0.0,
1.0
]
}
}
]
},
{
"I": 25,
"DU": 1,
"E": [
{
"SI": {
"SN": "light flicker",
"IN": "_bl0_",
"ST": "MC",
"TRP": {
"x": 1001.05,
"y": -314.55
},
"M3D": [
0.99884033203125,
-0.0415191650390625,
0.0,
0.0,
0.0415191650390625,
0.99884033203125,
0.0,
0.0,
0.0,
0.0,
1.0,
0.0,
-793.4,
-10.6,
0.0,
1.0
]
}
}
]
},
{
"I": 26,
"DU": 1,
"E": [
{
"SI": {
"SN": "light flicker",
"IN": "_bl0_",
"ST": "MC",
"TRP": {
"x": 1001.05,
"y": -314.55
},
"M3D": [
0.9981536865234375,
-0.0562591552734375,
0.0,
0.0,
0.0562591552734375,
0.9981536865234375,
0.0,
0.0,
0.0,
0.0,
1.0,
0.0,
-788.1,
3.9,
0.0,
1.0
]
}
}
]
},
{
"I": 27,
"DU": 1,
"E": [
{
"SI": {
"SN": "light flicker",
"IN": "_bl0_",
"ST": "MC",
"TRP": {
"x": 1001.05,
"y": -314.6
},
"M3D": [
0.997283935546875,
-0.0703887939453125,
0.0,
0.0,
0.0703887939453125,
0.997283935546875,
0.0,
0.0,
0.0,
0.0,
1.0,
0.0,
-782.75,
17.75,
0.0,
1.0
]
}
}
]
},
{
"I": 28,
"DU": 1,
"E": [
{
"SI": {
"SN": "light flicker",
"IN": "_bl0_",
"ST": "MC",
"TRP": {
"x": 1001.0,
"y": -314.55
},
"M3D": [
0.99627685546875,
-0.0838470458984375,
0.0,
0.0,
0.0838470458984375,
0.99627685546875,
0.0,
0.0,
0.0,
0.0,
1.0,
0.0,
-777.5,
30.9,
0.0,
1.0
]
}
}
]
},
{
"I": 29,
"DU": 1,
"E": [
{
"SI": {
"SN": "light flicker",
"IN": "_bl0_",
"ST": "MC",
"TRP": {
"x": 1001.1,
"y": -314.55
},
"M3D": [
0.9951324462890625,
-0.0965728759765625,
0.0,
0.0,
0.0965728759765625,
0.9951324462890625,
0.0,
0.0,
0.0,
0.0,
1.0,
0.0,
-772.4,
43.25,
0.0,
1.0
]
}
}
]
},
{
"I": 30,
"DU": 1,
"E": [
{
"SI": {
"SN": "light flicker",
"IN": "_bl0_",
"ST": "MC",
"TRP": {
"x": 1001.1,
"y": -314.55
},
"M3D": [
0.993927001953125,
-0.108489990234375,
0.0,
0.0,
0.108489990234375,
0.993927001953125,
0.0,
0.0,
0.0,
0.0,
1.0,
0.0,
-767.4,
54.85,
0.0,
1.0
]
}
}
]
},
{
"I": 31,
"DU": 1,
"E": [
{
"SI": {
"SN": "light flicker",
"IN": "_bl0_",
"ST": "MC",
"TRP": {
"x": 1001.05,
"y": -314.55
},
"M3D": [
0.99267578125,
-0.1195831298828125,
0.0,
0.0,
0.1195831298828125,
0.99267578125,
0.0,
0.0,
0.0,
0.0,
1.0,
0.0,
-762.65,
65.55,
0.0,
1.0
]
}
}
]
},
{
"I": 32,
"DU": 1,
"E": [
{
"SI": {
"SN": "light flicker",
"IN": "_bl0_",
"ST": "MC",
"TRP": {
"x": 1001.05,
"y": -314.55
},
"M3D": [
0.99139404296875,
-0.129852294921875,
0.0,
0.0,
0.129852294921875,
0.99139404296875,
0.0,
0.0,
0.0,
0.0,
1.0,
0.0,
-758.15,
75.45,
0.0,
1.0
]
}
}
]
},
{
"I": 33,
"DU": 1,
"E": [
{
"SI": {
"SN": "light flicker",
"IN": "_bl0_",
"ST": "MC",
"TRP": {
"x": 1001.1,
"y": -314.55
},
"M3D": [
0.9901275634765625,
-0.1392822265625,
0.0,
0.0,
0.1392822265625,
0.9901275634765625,
0.0,
0.0,
0.0,
0.0,
1.0,
0.0,
-753.9,
84.45,
0.0,
1.0
]
}
}
]
},
{
"I": 34,
"DU": 1,
"E": [
{
"SI": {
"SN": "light flicker",
"IN": "_bl0_",
"ST": "MC",
"TRP": {
"x": 1001.05,
"y": -314.55
},
"M3D": [
0.9889068603515625,
-0.14788818359375,
0.0,
0.0,
0.14788818359375,
0.9889068603515625,
0.0,
0.0,
0.0,
0.0,
1.0,
0.0,
-750.0,
92.65,
0.0,
1.0
]
}
}
]
},
{
"I": 35,
"DU": 1,
"E": [
{
"SI": {
"SN": "light flicker",
"IN": "_bl0_",
"ST": "MC",
"TRP": {
"x": 1001.0,
"y": -314.6
},
"M3D": [
0.9877166748046875,
-0.155670166015625,
0.0,
0.0,
0.155670166015625,
0.9877166748046875,
0.0,
0.0,
0.0,
0.0,
1.0,
0.0,
-746.3,
100.1,
0.0,
1.0
]
}
}
]
},
{
"I": 36,
"DU": 1,
"E": [
{
"SI": {
"SN": "light flicker",
"IN": "_bl0_",
"ST": "MC",
"TRP": {
"x": 1001.05,
"y": -314.55
},
"M3D": [
0.9865875244140625,
-0.1626739501953125,
0.0,
0.0,
0.1626739501953125,
0.9865875244140625,
0.0,
0.0,
0.0,
0.0,
1.0,
0.0,
-743.0,
106.75,
0.0,
1.0
]
}
}
]
},
{
"I": 37,
"DU": 1,
"E": [
{
"SI": {
"SN": "light flicker",
"IN": "_bl0_",
"ST": "MC",
"TRP": {
"x": 1001.05,
"y": -314.55
},
"M3D": [
0.9855499267578125,
-0.168914794921875,
0.0,
0.0,
0.168914794921875,
0.9855499267578125,
0.0,
0.0,
0.0,
0.0,
1.0,
0.0,
-740.0,
112.65,
0.0,
1.0
]
}
}
]
},
{
"I": 38,
"DU": 1,
"E": [
{
"SI": {
"SN": "light flicker",
"IN": "_bl0_",
"ST": "MC",
"TRP": {
"x": 1001.1,
"y": -314.55
},
"M3D": [
0.984619140625,
-0.1744232177734375,
0.0,
0.0,
0.1744232177734375,
0.984619140625,
0.0,
0.0,
0.0,
0.0,
1.0,
0.0,
-737.35,
117.9,
0.0,
1.0
]
}
}
]
},
{
"I": 39,
"DU": 1,
"E": [
{
"SI": {
"SN": "light flicker",
"IN": "_bl0_",
"ST": "MC",
"TRP": {
"x": 1001.05,
"y": -314.55
},
"M3D": [
0.9837493896484375,
-0.179229736328125,
0.0,
0.0,
0.179229736328125,
0.9837493896484375,
0.0,
0.0,
0.0,
0.0,
1.0,
0.0,
-734.95,
122.4,
0.0,
1.0
]
}
}
]
},
{
"I": 40,
"DU": 1,
"E": [
{
"SI": {
"SN": "light flicker",
"IN": "_bl0_",
"ST": "MC",
"TRP": {
"x": 1001.05,
"y": -314.55
},
"M3D": [
0.983001708984375,
-0.1833953857421875,
0.0,
0.0,
0.1833953857421875,
0.983001708984375,
0.0,
0.0,
0.0,
0.0,
1.0,
0.0,
-732.95,
126.4,
0.0,
1.0
]
}
}
]
},
{
"I": 41,
"DU": 1,
"E": [
{
"SI": {
"SN": "light flicker",
"IN": "_bl0_",
"ST": "MC",
"TRP": {
"x": 1001.05,
"y": -314.55
},
"M3D": [
0.982330322265625,
-0.1869049072265625,
0.0,
0.0,
0.1869049072265625,
0.982330322265625,
0.0,
0.0,
0.0,
0.0,
1.0,
0.0,
-731.15,
129.7,
0.0,
1.0
]
}
}
]
},
{
"I": 42,
"DU": 1,
"E": [
{
"SI": {
"SN": "light flicker",
"IN": "_bl0_",
"ST": "MC",
"TRP": {
"x": 1001.05,
"y": -314.55
},
"M3D": [
0.981781005859375,
-0.1898193359375,
0.0,
0.0,
0.1898193359375,
0.981781005859375,
0.0,
0.0,
0.0,
0.0,
1.0,
0.0,
-729.7,
132.5,
0.0,
1.0
]
}
}
]
},
{
"I": 43,
"DU": 1,
"E": [
{
"SI": {
"SN": "light flicker",
"IN": "_bl0_",
"ST": "MC",
"TRP": {
"x": 1001.1,
"y": -314.55
},
"M3D": [
0.9813232421875,
-0.1921539306640625,
0.0,
0.0,
0.1921539306640625,
0.9813232421875,
0.0,
0.0,
0.0,
0.0,
1.0,
0.0,
-728.5,
134.6,
0.0,
1.0
]
}
}
]
},
{
"I": 44,
"DU": 1,
"E": [
{
"SI": {
"SN": "light flicker",
"IN": "_bl0_",
"ST": "MC",
"TRP": {
"x": 1001.1,
"y": -314.6
},
"M3D": [
0.9809722900390625,
-0.193939208984375,
0.0,
0.0,
0.193939208984375,
0.9809722900390625,
0.0,
0.0,
0.0,
0.0,
1.0,
0.0,
-727.6,
136.35,
0.0,
1.0
]
}
}
]
},
{
"I": 45,
"DU": 2,
"E": [
{
"SI": {
"SN": "light flicker",
"IN": "_bl0_",
"ST": "MC",
"TRP": {
"x": 1001.0500000000001,
"y": -314.5
},
"M3D": [
0.9807586669921875,
-0.195220947265625,
0.0,
0.0,
0.195220947265625,
0.9807586669921875,
0.0,
0.0,
0.0,
0.0,
1.0,
0.0,
-727.0,
137.5,
0.0,
1.0
]
}
}
]
},
{
"I": 47,
"DU": 1,
"E": [
{
"SI": {
"SN": "light flicker",
"IN": "_bl0_",
"ST": "MC",
"TRP": {
"x": 1001.0500000000001,
"y": -314.5
},
"M3D": [
0.9807586669921875,
-0.195220947265625,
0.0,
0.0,
0.195220947265625,
0.9807586669921875,
0.0,
0.0,
0.0,
0.0,
1.0,
0.0,
-727.0,
137.5,
0.0,
1.0
]
}
}
]
},
{
"I": 48,
"DU": 1,
"E": [
{
"SI": {
"SN": "light flicker",
"IN": "_bl0_",
"ST": "MC",
"TRP": {
"x": 1001.05,
"y": -314.45
},
"M3D": [
0.98089599609375,
-0.19439697265625,
0.0,
0.0,
0.19439697265625,
0.98089599609375,
0.0,
0.0,
0.0,
0.0,
1.0,
0.0,
-727.4,
136.65,
0.0,
1.0
]
}
}
]
},
{
"I": 49,
"DU": 1,
"E": [
{
"SI": {
"SN": "light flicker",
"IN": "_bl0_",
"ST": "MC",
"TRP": {
"x": 1001.0,
"y": -314.45
},
"M3D": [
0.981170654296875,
-0.1930084228515625,
0.0,
0.0,
0.1930084228515625,
0.981170654296875,
0.0,
0.0,
0.0,
0.0,
1.0,
0.0,
-728.05,
135.4,
0.0,
1.0
]
}
}
]
},
{
"I": 50,
"DU": 1,
"E": [
{
"SI": {
"SN": "light flicker",
"IN": "_bl0_",
"ST": "MC",
"TRP": {
"x": 1001.0,
"y": -314.45
},
"M3D": [
0.9815673828125,
-0.1910247802734375,
0.0,
0.0,
0.1910247802734375,
0.9815673828125,
0.0,
0.0,
0.0,
0.0,
1.0,
0.0,
-729.1,
133.5,
0.0,
1.0
]
}
}
]
},
{
"I": 51,
"DU": 1,
"E": [
{
"SI": {
"SN": "light flicker",
"IN": "_bl0_",
"ST": "MC",
"TRP": {
"x": 1001.05,
"y": -314.45
},
"M3D": [
0.9820556640625,
-0.1884307861328125,
0.0,
0.0,
0.1884307861328125,
0.9820556640625,
0.0,
0.0,
0.0,
0.0,
1.0,
0.0,
-730.4,
131.1,
0.0,
1.0
]
}
}
]
},
{
"I": 52,
"DU": 1,
"E": [
{
"SI": {
"SN": "light flicker",
"IN": "_bl0_",
"ST": "MC",
"TRP": {
"x": 1001.05,
"y": -314.45
},
"M3D": [
0.9826812744140625,
-0.1851806640625,
0.0,
0.0,
0.1851806640625,
0.9826812744140625,
0.0,
0.0,
0.0,
0.0,
1.0,
0.0,
-732.05,
128.05,
0.0,
1.0
]
}
}
]
},
{
"I": 53,
"DU": 1,
"E": [
{
"SI": {
"SN": "light flicker",
"IN": "_bl0_",
"ST": "MC",
"TRP": {
"x": 1001.05,
"y": -314.5
},
"M3D": [
0.9833831787109375,
-0.1812591552734375,
0.0,
0.0,
0.1812591552734375,
0.9833831787109375,
0.0,
0.0,
0.0,
0.0,
1.0,
0.0,
-734.0,
124.3,
0.0,
1.0
]
}
}
]
},
{
"I": 54,
"DU": 1,
"E": [
{
"SI": {
"SN": "light flicker",
"IN": "_bl0_",
"ST": "MC",
"TRP": {
"x": 1001.05,
"y": -314.45
},
"M3D": [
0.9842376708984375,
-0.1765899658203125,
0.0,
0.0,
0.1765899658203125,
0.9842376708984375,
0.0,
0.0,
0.0,
0.0,
1.0,
0.0,
-736.3,
119.85,
0.0,
1.0
]
}
}
]
},
{
"I": 55,
"DU": 1,
"E": [
{
"SI": {
"SN": "light flicker",
"IN": "_bl0_",
"ST": "MC",
"TRP": {
"x": 1001.05,
"y": -314.4
},
"M3D": [
0.9851837158203125,
-0.171173095703125,
0.0,
0.0,
0.171173095703125,
0.9851837158203125,
0.0,
0.0,
0.0,
0.0,
1.0,
0.0,
-738.95,
114.75,
0.0,
1.0
]
}
}
]
},
{
"I": 56,
"DU": 1,
"E": [
{
"SI": {
"SN": "light flicker",
"IN": "_bl0_",
"ST": "MC",
"TRP": {
"x": 1001.0,
"y": -314.45
},
"M3D": [
0.9862213134765625,
-0.16497802734375,
0.0,
0.0,
0.16497802734375,
0.9862213134765625,
0.0,
0.0,
0.0,
0.0,
1.0,
0.0,
-741.9,
108.85,
0.0,
1.0
]
}
}
]
},
{
"I": 57,
"DU": 1,
"E": [
{
"SI": {
"SN": "light flicker",
"IN": "_bl0_",
"ST": "MC",
"TRP": {
"x": 1001.0,
"y": -314.45
},
"M3D": [
0.9873809814453125,
-0.1579437255859375,
0.0,
0.0,
0.1579437255859375,
0.9873809814453125,
0.0,
0.0,
0.0,
0.0,
1.0,
0.0,
-745.25,
102.2,
0.0,
1.0
]
}
}
]
},
{
"I": 58,
"DU": 1,
"E": [
{
"SI": {
"SN": "light flicker",
"IN": "_bl0_",
"ST": "MC",
"TRP": {
"x": 1001.05,
"y": -314.45
},
"M3D": [
0.9885711669921875,
-0.150115966796875,
0.0,
0.0,
0.150115966796875,
0.9885711669921875,
0.0,
0.0,
0.0,
0.0,
1.0,
0.0,
-748.95,
94.75,
0.0,
1.0
]
}
}
]
},
{
"I": 59,
"DU": 1,
"E": [
{
"SI": {
"SN": "light flicker",
"IN": "_bl0_",
"ST": "MC",
"TRP": {
"x": 1001.0,
"y": -314.45
},
"M3D": [
0.9898529052734375,
-0.141387939453125,
0.0,
0.0,
0.141387939453125,
0.9898529052734375,
0.0,
0.0,
0.0,
0.0,
1.0,
0.0,
-752.95,
86.4,
0.0,
1.0
]
}
}
]
},
{
"I": 60,
"DU": 1,
"E": [
{
"SI": {
"SN": "light flicker",
"IN": "_bl0_",
"ST": "MC",
"TRP": {
"x": 1001.0,
"y": -314.45
},
"M3D": [
0.99114990234375,
-0.1318359375,
0.0,
0.0,
0.1318359375,
0.99114990234375,
0.0,
0.0,
0.0,
0.0,
1.0,
0.0,
-757.25,
77.25,
0.0,
1.0
]
}
}
]
},
{
"I": 61,
"DU": 1,
"E": [
{
"SI": {
"SN": "light flicker",
"IN": "_bl0_",
"ST": "MC",
"TRP": {
"x": 1001.05,
"y": -314.45
},
"M3D": [
0.9924774169921875,
-0.121368408203125,
0.0,
0.0,
0.121368408203125,
0.9924774169921875,
0.0,
0.0,
0.0,
0.0,
1.0,
0.0,
-761.9,
67.2,
0.0,
1.0
]
}
}
]
},
{
"I": 62,
"DU": 1,
"E": [
{
"SI": {
"SN": "light flicker",
"IN": "_bl0_",
"ST": "MC",
"TRP": {
"x": 1001.0,
"y": -314.45
},
"M3D": [
0.9937744140625,
-0.1100921630859375,
0.0,
0.0,
0.1100921630859375,
0.9937744140625,
0.0,
0.0,
0.0,
0.0,
1.0,
0.0,
-766.75,
56.3,
0.0,
1.0
]
}
}
]
},
{
"I": 63,
"DU": 1,
"E": [
{
"SI": {
"SN": "light flicker",
"IN": "_bl0_",
"ST": "MC",
"TRP": {
"x": 1001.05,
"y": -314.4
},
"M3D": [
0.9950103759765625,
-0.09796142578125,
0.0,
0.0,
0.09796142578125,
0.9950103759765625,
0.0,
0.0,
0.0,
0.0,
1.0,
0.0,
-771.8,
44.55,
0.0,
1.0
]
}
}
]
},
{
"I": 64,
"DU": 1,
"E": [
{
"SI": {
"SN": "light flicker",
"IN": "_bl0_",
"ST": "MC",
"TRP": {
"x": 1001.05,
"y": -314.45
},
"M3D": [
0.9961700439453125,
-0.0850677490234375,
0.0,
0.0,
0.0850677490234375,
0.9961700439453125,
0.0,
0.0,
0.0,
0.0,
1.0,
0.0,
-777.05,
31.95,
0.0,
1.0
]
}
}
]
},
{
"I": 65,
"DU": 1,
"E": [
{
"SI": {
"SN": "light flicker",
"IN": "_bl0_",
"ST": "MC",
"TRP": {
"x": 1001.05,
"y": -314.45
},
"M3D": [
0.9972381591796875,
-0.0714569091796875,
0.0,
0.0,
0.0714569091796875,
0.9972381591796875,
0.0,
0.0,
0.0,
0.0,
1.0,
0.0,
-782.4,
18.7,
0.0,
1.0
]
}
}
]
},
{
"I": 66,
"DU": 1,
"E": [
{
"SI": {
"SN": "light flicker",
"IN": "_bl0_",
"ST": "MC",
"TRP": {
"x": 1001.05,
"y": -314.45
},
"M3D": [
0.9981231689453125,
-0.0572509765625,
0.0,
0.0,
0.0572509765625,
0.9981231689453125,
0.0,
0.0,
0.0,
0.0,
1.0,
0.0,
-787.7,
4.8,
0.0,
1.0
]
}
}
]
},
{
"I": 67,
"DU": 1,
"E": [
{
"SI": {
"SN": "light flicker",
"IN": "_bl0_",
"ST": "MC",
"TRP": {
"x": 1001.05,
"y": -314.5
},
"M3D": [
0.99884033203125,
-0.042510986328125,
0.0,
0.0,
0.042510986328125,
0.99884033203125,
0.0,
0.0,
0.0,
0.0,
1.0,
0.0,
-793.05,
-9.7,
0.0,
1.0
]
}
}
]
},
{
"I": 68,
"DU": 1,
"E": [
{
"SI": {
"SN": "light flicker",
"IN": "_bl0_",
"ST": "MC",
"TRP": {
"x": 1001.05,
"y": -314.55
},
"M3D": [
0.99932861328125,
-0.0274505615234375,
0.0,
0.0,
0.0274505615234375,
0.99932861328125,
0.0,
0.0,
0.0,
0.0,
1.0,
0.0,
-798.3,
-24.65,
0.0,
1.0
]
}
}
]
},
{
"I": 69,
"DU": 1,
"E": [
{
"SI": {
"SN": "light flicker",
"IN": "_bl0_",
"ST": "MC",
"TRP": {
"x": 1001.05,
"y": -314.5
},
"M3D": [
0.999603271484375,
-0.01214599609375,
0.0,
0.0,
0.01214599609375,
0.999603271484375,
0.0,
0.0,
0.0,
0.0,
1.0,
0.0,
-803.4,
-39.85,
0.0,
1.0
]
}
}
]
},
{
"I": 70,
"DU": 1,
"E": [
{
"SI": {
"SN": "light flicker",
"IN": "_bl0_",
"ST": "MC",
"TRP": {
"x": 1001.05,
"y": -314.5
},
"M3D": [
0.9996490478515625,
0.003204345703125,
0.0,
0.0,
-0.003204345703125,
0.9996490478515625,
0.0,
0.0,
0.0,
0.0,
1.0,
0.0,
-808.25,
-55.2,
0.0,
1.0
]
}
}
]
},
{
"I": 71,
"DU": 1,
"E": [
{
"SI": {
"SN": "light flicker",
"IN": "_bl0_",
"ST": "MC",
"TRP": {
"x": 1001.05,
"y": -314.5
},
"M3D": [
0.99945068359375,
0.0184783935546875,
0.0,
0.0,
-0.0184783935546875,
0.99945068359375,
0.0,
0.0,
0.0,
0.0,
1.0,
0.0,
-812.9,
-70.6,
0.0,
1.0
]
}
}
]
},
{
"I": 72,
"DU": 1,
"E": [
{
"SI": {
"SN": "light flicker",
"IN": "_bl0_",
"ST": "MC",
"TRP": {
"x": 1001.05,
"y": -314.45
},
"M3D": [
0.9990386962890625,
0.0335235595703125,
0.0,
0.0,
-0.0335235595703125,
0.9990386962890625,
0.0,
0.0,
0.0,
0.0,
1.0,
0.0,
-817.2,
-85.8,
0.0,
1.0
]
}
}
]
},
{
"I": 73,
"DU": 1,
"E": [
{
"SI": {
"SN": "light flicker",
"IN": "_bl0_",
"ST": "MC",
"TRP": {
"x": 1001.0,
"y": -314.45
},
"M3D": [
0.9984130859375,
0.0481719970703125,
0.0,
0.0,
-0.0481719970703125,
0.9984130859375,
0.0,
0.0,
0.0,
0.0,
1.0,
0.0,
-821.15,
-100.7,
0.0,
1.0
]
}
}
]
},
{
"I": 74,
"DU": 1,
"E": [
{
"SI": {
"SN": "light flicker",
"IN": "_bl0_",
"ST": "MC",
"TRP": {
"x": 1001.0,
"y": -314.5
},
"M3D": [
0.9976043701171875,
0.062347412109375,
0.0,
0.0,
-0.062347412109375,
0.9976043701171875,
0.0,
0.0,
0.0,
0.0,
1.0,
0.0,
-824.75,
-115.1,
0.0,
1.0
]
}
}
]
},
{
"I": 75,
"DU": 1,
"E": [
{
"SI": {
"SN": "light flicker",
"IN": "_bl0_",
"ST": "MC",
"TRP": {
"x": 1001.05,
"y": -314.45
},
"M3D": [
0.9966583251953125,
0.0759124755859375,
0.0,
0.0,
-0.0759124755859375,
0.9966583251953125,
0.0,
0.0,
0.0,
0.0,
1.0,
0.0,
-828.1,
-129.0,
0.0,
1.0
]
}
}
]
},
{
"I": 76,
"DU": 1,
"E": [
{
"SI": {
"SN": "light flicker",
"IN": "_bl0_",
"ST": "MC",
"TRP": {
"x": 1001.05,
"y": -314.45
},
"M3D": [
0.9955596923828125,
0.0888214111328125,
0.0,
0.0,
-0.0888214111328125,
0.9955596923828125,
0.0,
0.0,
0.0,
0.0,
1.0,
0.0,
-831.1,
-142.25,
0.0,
1.0
]
}
}
]
},
{
"I": 77,
"DU": 1,
"E": [
{
"SI": {
"SN": "light flicker",
"IN": "_bl0_",
"ST": "MC",
"TRP": {
"x": 1001.05,
"y": -314.5
},
"M3D": [
0.9943695068359375,
0.1009674072265625,
0.0,
0.0,
-0.1009674072265625,
0.9943695068359375,
0.0,
0.0,
0.0,
0.0,
1.0,
0.0,
-833.7,
-154.8,
0.0,
1.0
]
}
}
]
},
{
"I": 78,
"DU": 1,
"E": [
{
"SI": {
"SN": "light flicker",
"IN": "_bl0_",
"ST": "MC",
"TRP": {
"x": 1001.05,
"y": -314.5
},
"M3D": [
0.993133544921875,
0.11236572265625,
0.0,
0.0,
-0.11236572265625,
0.993133544921875,
0.0,
0.0,
0.0,
0.0,
1.0,
0.0,
-836.05,
-166.6,
0.0,
1.0
]
}
}
]
},
{
"I": 79,
"DU": 1,
"E": [
{
"SI": {
"SN": "light flicker",
"IN": "_bl0_",
"ST": "MC",
"TRP": {
"x": 1001.0,
"y": -314.55
},
"M3D": [
0.991851806640625,
0.1229705810546875,
0.0,
0.0,
-0.1229705810546875,
0.991851806640625,
0.0,
0.0,
0.0,
0.0,
1.0,
0.0,
-838.15,
-177.6,
0.0,
1.0
]
}
}
]
},
{
"I": 80,
"DU": 1,
"E": [
{
"SI": {
"SN": "light flicker",
"IN": "_bl0_",
"ST": "MC",
"TRP": {
"x": 1001.05,
"y": -314.5
},
"M3D": [
0.9905853271484375,
0.13275146484375,
0.0,
0.0,
-0.13275146484375,
0.9905853271484375,
0.0,
0.0,
0.0,
0.0,
1.0,
0.0,
-839.95,
-187.8,
0.0,
1.0
]
}
}
]
},
{
"I": 81,
"DU": 1,
"E": [
{
"SI": {
"SN": "light flicker",
"IN": "_bl0_",
"ST": "MC",
"TRP": {
"x": 1001.05,
"y": -314.5
},
"M3D": [
0.9893341064453125,
0.141754150390625,
0.0,
0.0,
-0.141754150390625,
0.9893341064453125,
0.0,
0.0,
0.0,
0.0,
1.0,
0.0,
-841.5,
-197.2,
0.0,
1.0
]
}
}
]
},
{
"I": 82,
"DU": 1,
"E": [
{
"SI": {
"SN": "light flicker",
"IN": "_bl0_",
"ST": "MC",
"TRP": {
"x": 1001.0,
"y": -314.5
},
"M3D": [
0.98809814453125,
0.1499481201171875,
0.0,
0.0,
-0.1499481201171875,
0.98809814453125,
0.0,
0.0,
0.0,
0.0,
1.0,
0.0,
-842.85,
-205.8,
0.0,
1.0
]
}
}
]
},
{
"I": 83,
"DU": 1,
"E": [
{
"SI": {
"SN": "light flicker",
"IN": "_bl0_",
"ST": "MC",
"TRP": {
"x": 1001.05,
"y": -314.5
},
"M3D": [
0.9869232177734375,
0.1573638916015625,
0.0,
0.0,
-0.1573638916015625,
0.9869232177734375,
0.0,
0.0,
0.0,
0.0,
1.0,
0.0,
-844.0,
-213.6,
0.0,
1.0
]
}
}
]
},
{
"I": 84,
"DU": 1,
"E": [
{
"SI": {
"SN": "light flicker",
"IN": "_bl0_",
"ST": "MC",
"TRP": {
"x": 1001.05,
"y": -314.45
},
"M3D": [
0.9858245849609375,
0.1640777587890625,
0.0,
0.0,
-0.1640777587890625,
0.9858245849609375,
0.0,
0.0,
0.0,
0.0,
1.0,
0.0,
-845.0,
-220.65,
0.0,
1.0
]
}
}
]
},
{
"I": 85,
"DU": 1,
"E": [
{
"SI": {
"SN": "light flicker",
"IN": "_bl0_",
"ST": "MC",
"TRP": {
"x": 1001.1,
"y": -314.5
},
"M3D": [
0.9848175048828125,
0.1700286865234375,
0.0,
0.0,
-0.1700286865234375,
0.9848175048828125,
0.0,
0.0,
0.0,
0.0,
1.0,
0.0,
-845.85,
-226.9,
0.0,
1.0
]
}
}
]
},
{
"I": 86,
"DU": 1,
"E": [
{
"SI": {
"SN": "light flicker",
"IN": "_bl0_",
"ST": "MC",
"TRP": {
"x": 1001.0,
"y": -314.45
},
"M3D": [
0.9838714599609375,
0.1753082275390625,
0.0,
0.0,
-0.1753082275390625,
0.9838714599609375,
0.0,
0.0,
0.0,
0.0,
1.0,
0.0,
-846.55,
-232.5,
0.0,
1.0
]
}
}
]
},
{
"I": 87,
"DU": 1,
"E": [
{
"SI": {
"SN": "light flicker",
"IN": "_bl0_",
"ST": "MC",
"TRP": {
"x": 1001.0,
"y": -314.5
},
"M3D": [
0.9830322265625,
0.1799163818359375,
0.0,
0.0,
-0.1799163818359375,
0.9830322265625,
0.0,
0.0,
0.0,
0.0,
1.0,
0.0,
-847.15,
-237.4,
0.0,
1.0
]
}
}
]
},
{
"I": 88,
"DU": 1,
"E": [
{
"SI": {
"SN": "light flicker",
"IN": "_bl0_",
"ST": "MC",
"TRP": {
"x": 1001.1,
"y": -314.55
},
"M3D": [
0.9822845458984375,
0.1839141845703125,
0.0,
0.0,
-0.1839141845703125,
0.9822845458984375,
0.0,
0.0,
0.0,
0.0,
1.0,
0.0,
-847.7,
-241.6,
0.0,
1.0
]
}
}
]
},
{
"I": 89,
"DU": 1,
"E": [
{
"SI": {
"SN": "light flicker",
"IN": "_bl0_",
"ST": "MC",
"TRP": {
"x": 1001.05,
"y": -314.45
},
"M3D": [
0.98162841796875,
0.187286376953125,
0.0,
0.0,
-0.187286376953125,
0.98162841796875,
0.0,
0.0,
0.0,
0.0,
1.0,
0.0,
-848.05,
-245.2,
0.0,
1.0
]
}
}
]
},
{
"I": 90,
"DU": 1,
"E": [
{
"SI": {
"SN": "light flicker",
"IN": "_bl0_",
"ST": "MC",
"TRP": {
"x": 1001.0,
"y": -314.45
},
"M3D": [
0.981109619140625,
0.1900787353515625,
0.0,
0.0,
-0.1900787353515625,
0.981109619140625,
0.0,
0.0,
0.0,
0.0,
1.0,
0.0,
-848.45,
-248.15,
0.0,
1.0
]
}
}
]
},
{
"I": 91,
"DU": 1,
"E": [
{
"SI": {
"SN": "light flicker",
"IN": "_bl0_",
"ST": "MC",
"TRP": {
"x": 1001.05,
"y": -314.5
},
"M3D": [
0.98065185546875,
0.19232177734375,
0.0,
0.0,
-0.19232177734375,
0.98065185546875,
0.0,
0.0,
0.0,
0.0,
1.0,
0.0,
-848.7,
-250.55,
0.0,
1.0
]
}
}
]
},
{
"I": 92,
"DU": 1,
"E": [
{
"SI": {
"SN": "light flicker",
"IN": "_bl0_",
"ST": "MC",
"TRP": {
"x": 1001.05,
"y": -314.5
},
"M3D": [
0.980316162109375,
0.19403076171875,
0.0,
0.0,
-0.19403076171875,
0.980316162109375,
0.0,
0.0,
0.0,
0.0,
1.0,
0.0,
-848.9,
-252.4,
0.0,
1.0
]
}
}
]
},
{
"I": 93,
"DU": 2,
"E": [
{
"SI": {
"SN": "light flicker",
"IN": "_bl0_",
"ST": "MC",
"TRP": {
"x": 1001.0500000000001,
"y": -314.5
},
"M3D": [
0.9801025390625,
0.1952972412109375,
0.0,
0.0,
-0.1952972412109375,
0.9801025390625,
0.0,
0.0,
0.0,
0.0,
1.0,
0.0,
-849.15,
-253.65,
0.0,
1.0
]
}
}
]
},
{
"I": 95,
"DU": 1,
"E": [
{
"SI": {
"SN": "light flicker",
"IN": "_bl0_",
"ST": "MC",
"TRP": {
"x": 1001.0500000000001,
"y": -314.5
},
"M3D": [
0.9801025390625,
0.1952972412109375,
0.0,
0.0,
-0.1952972412109375,
0.9801025390625,
0.0,
0.0,
0.0,
0.0,
1.0,
0.0,
-849.15,
-253.65,
0.0,
1.0
]
}
}
]
},
{
"I": 96,
"DU": 1,
"E": [
{
"SI": {
"SN": "light flicker",
"IN": "_bl0_",
"ST": "MC",
"TRP": {
"x": 1001.05,
"y": -314.5
},
"M3D": [
0.9802398681640625,
0.19439697265625,
0.0,
0.0,
-0.19439697265625,
0.9802398681640625,
0.0,
0.0,
0.0,
0.0,
1.0,
0.0,
-848.95,
-252.7,
0.0,
1.0
]
}
}
]
},
{
"I": 97,
"DU": 1,
"E": [
{
"SI": {
"SN": "light flicker",
"IN": "_bl0_",
"ST": "MC",
"TRP": {
"x": 1001.05,
"y": -314.55
},
"M3D": [
0.98052978515625,
0.192840576171875,
0.0,
0.0,
-0.192840576171875,
0.98052978515625,
0.0,
0.0,
0.0,
0.0,
1.0,
0.0,
-848.75,
-251.05,
0.0,
1.0
]
}
}
]
},
{
"I": 98,
"DU": 1,
"E": [
{
"SI": {
"SN": "light flicker",
"IN": "_bl0_",
"ST": "MC",
"TRP": {
"x": 1001.05,
"y": -314.55
},
"M3D": [
0.9809722900390625,
0.19061279296875,
0.0,
0.0,
-0.19061279296875,
0.9809722900390625,
0.0,
0.0,
0.0,
0.0,
1.0,
0.0,
-848.5,
-248.7,
0.0,
1.0
]
}
}
]
},
{
"I": 99,
"DU": 1,
"E": [
{
"SI": {
"SN": "light flicker",
"IN": "_bl0_",
"ST": "MC",
"TRP": {
"x": 1001.05,
"y": -314.55
},
"M3D": [
0.9815521240234375,
0.18768310546875,
0.0,
0.0,
-0.18768310546875,
0.9815521240234375,
0.0,
0.0,
0.0,
0.0,
1.0,
0.0,
-848.15,
-245.6,
0.0,
1.0
]
}
}
]
},
{
"I": 100,
"DU": 1,
"E": [
{
"SI": {
"SN": "light flicker",
"IN": "_bl0_",
"ST": "MC",
"TRP": {
"x": 1001.0,
"y": -314.55
},
"M3D": [
0.98223876953125,
0.1839599609375,
0.0,
0.0,
-0.1839599609375,
0.98223876953125,
0.0,
0.0,
0.0,
0.0,
1.0,
0.0,
-847.65,
-241.65,
0.0,
1.0
]
}
}
]
},
{
"I": 101,
"DU": 1,
"E": [
{
"SI": {
"SN": "light flicker",
"IN": "_bl0_",
"ST": "MC",
"TRP": {
"x": 1001.0,
"y": -314.5
},
"M3D": [
0.9830780029296875,
0.1794586181640625,
0.0,
0.0,
-0.1794586181640625,
0.9830780029296875,
0.0,
0.0,
0.0,
0.0,
1.0,
0.0,
-847.05,
-236.9,
0.0,
1.0
]
}
}
]
},
{
"I": 102,
"DU": 1,
"E": [
{
"SI": {
"SN": "light flicker",
"IN": "_bl0_",
"ST": "MC",
"TRP": {
"x": 1001.0,
"y": -314.5
},
"M3D": [
0.984039306640625,
0.1741180419921875,
0.0,
0.0,
-0.1741180419921875,
0.984039306640625,
0.0,
0.0,
0.0,
0.0,
1.0,
0.0,
-846.35,
-231.2,
0.0,
1.0
]
}
}
]
},
{
"I": 103,
"DU": 1,
"E": [
{
"SI": {
"SN": "light flicker",
"IN": "_bl0_",
"ST": "MC",
"TRP": {
"x": 1001.05,
"y": -314.55
},
"M3D": [
0.9851226806640625,
0.1678924560546875,
0.0,
0.0,
-0.1678924560546875,
0.9851226806640625,
0.0,
0.0,
0.0,
0.0,
1.0,
0.0,
-845.5,
-224.65,
0.0,
1.0
]
}
}
]
},
{
"I": 104,
"DU": 1,
"E": [
{
"SI": {
"SN": "light flicker",
"IN": "_bl0_",
"ST": "MC",
"TRP": {
"x": 1001.0,
"y": -314.55
},
"M3D": [
0.9863128662109375,
0.1607666015625,
0.0,
0.0,
-0.1607666015625,
0.9863128662109375,
0.0,
0.0,
0.0,
0.0,
1.0,
0.0,
-844.4,
-217.15,
0.0,
1.0
]
}
}
]
},
{
"I": 105,
"DU": 1,
"E": [
{
"SI": {
"SN": "light flicker",
"IN": "_bl0_",
"ST": "MC",
"TRP": {
"x": 1001.05,
"y": -314.55
},
"M3D": [
0.9875946044921875,
0.1526641845703125,
0.0,
0.0,
-0.1526641845703125,
0.9875946044921875,
0.0,
0.0,
0.0,
0.0,
1.0,
0.0,
-843.2,
-208.6,
0.0,
1.0
]
}
}
]
},
{
"I": 106,
"DU": 1,
"E": [
{
"SI": {
"SN": "light flicker",
"IN": "_bl0_",
"ST": "MC",
"TRP": {
"x": 1001.1,
"y": -314.6
},
"M3D": [
0.98895263671875,
0.1436004638671875,
0.0,
0.0,
-0.1436004638671875,
0.98895263671875,
0.0,
0.0,
0.0,
0.0,
1.0,
0.0,
-841.7,
-199.1,
0.0,
1.0
]
}
}
]
},
{
"I": 107,
"DU": 1,
"E": [
{
"SI": {
"SN": "light flicker",
"IN": "_bl0_",
"ST": "MC",
"TRP": {
"x": 1001.0,
"y": -314.5
},
"M3D": [
0.9903564453125,
0.133544921875,
0.0,
0.0,
-0.133544921875,
0.9903564453125,
0.0,
0.0,
0.0,
0.0,
1.0,
0.0,
-839.95,
-188.6,
0.0,
1.0
]
}
}
]
},
{
"I": 108,
"DU": 1,
"E": [
{
"SI": {
"SN": "light flicker",
"IN": "_bl0_",
"ST": "MC",
"TRP": {
"x": 1001.05,
"y": -314.55
},
"M3D": [
0.991790771484375,
0.1224822998046875,
0.0,
0.0,
-0.1224822998046875,
0.991790771484375,
0.0,
0.0,
0.0,
0.0,
1.0,
0.0,
-837.9,
-177.1,
0.0,
1.0
]
}
}
]
},
{
"I": 109,
"DU": 1,
"E": [
{
"SI": {
"SN": "light flicker",
"IN": "_bl0_",
"ST": "MC",
"TRP": {
"x": 1001.05,
"y": -314.55
},
"M3D": [
0.9932098388671875,
0.1104583740234375,
0.0,
0.0,
-0.1104583740234375,
0.9932098388671875,
0.0,
0.0,
0.0,
0.0,
1.0,
0.0,
-835.55,
-164.6,
0.0,
1.0
]
}
}
]
},
{
"I": 110,
"DU": 1,
"E": [
{
"SI": {
"SN": "light flicker",
"IN": "_bl0_",
"ST": "MC",
"TRP": {
"x": 1001.05,
"y": -314.55
},
"M3D": [
0.99456787109375,
0.09747314453125,
0.0,
0.0,
-0.09747314453125,
0.99456787109375,
0.0,
0.0,
0.0,
0.0,
1.0,
0.0,
-832.8,
-151.2,
0.0,
1.0
]
}
}
]
},
{
"I": 111,
"DU": 1,
"E": [
{
"SI": {
"SN": "light flicker",
"IN": "_bl0_",
"ST": "MC",
"TRP": {
"x": 1001.0,
"y": -314.5
},
"M3D": [
0.995819091796875,
0.0836181640625,
0.0,
0.0,
-0.0836181640625,
0.995819091796875,
0.0,
0.0,
0.0,
0.0,
1.0,
0.0,
-829.7,
-136.95,
0.0,
1.0
]
}
}
]
},
{
"I": 112,
"DU": 1,
"E": [
{
"SI": {
"SN": "light flicker",
"IN": "_bl0_",
"ST": "MC",
"TRP": {
"x": 1001.0,
"y": -314.5
},
"M3D": [
0.9969329833984375,
0.0689697265625,
0.0,
0.0,
-0.0689697265625,
0.9969329833984375,
0.0,
0.0,
0.0,
0.0,
1.0,
0.0,
-826.2,
-121.9,
0.0,
1.0
]
}
}
]
},
{
"I": 113,
"DU": 1,
"E": [
{
"SI": {
"SN": "light flicker",
"IN": "_bl0_",
"ST": "MC",
"TRP": {
"x": 1001.0,
"y": -314.55
},
"M3D": [
0.9978790283203125,
0.053619384765625,
0.0,
0.0,
-0.053619384765625,
0.9978790283203125,
0.0,
0.0,
0.0,
0.0,
1.0,
0.0,
-822.3,
-106.25,
0.0,
1.0
]
}
}
]
},
{
"I": 114,
"DU": 1,
"E": [
{
"SI": {
"SN": "light flicker",
"IN": "_bl0_",
"ST": "MC",
"TRP": {
"x": 1001.0,
"y": -314.5
},
"M3D": [
0.9986114501953125,
0.0377655029296875,
0.0,
0.0,
-0.0377655029296875,
0.9986114501953125,
0.0,
0.0,
0.0,
0.0,
1.0,
0.0,
-818.05,
-90.15,
0.0,
1.0
]
}
}
]
},
{
"I": 115,
"DU": 1,
"E": [
{
"SI": {
"SN": "light flicker",
"IN": "_bl0_",
"ST": "MC",
"TRP": {
"x": 1001.05,
"y": -314.5
},
"M3D": [
0.9990997314453125,
0.021514892578125,
0.0,
0.0,
-0.021514892578125,
0.9990997314453125,
0.0,
0.0,
0.0,
0.0,
1.0,
0.0,
-813.45,
-73.75,
0.0,
1.0
]
}
}
]
},
{
"I": 116,
"DU": 1,
"E": [
{
"SI": {
"SN": "light flicker",
"IN": "_bl0_",
"ST": "MC",
"TRP": {
"x": 1001.05,
"y": -314.5
},
"M3D": [
0.9993133544921875,
0.005096435546875,
0.0,
0.0,
-0.005096435546875,
0.9993133544921875,
0.0,
0.0,
0.0,
0.0,
1.0,
0.0,
-808.5,
-57.25,
0.0,
1.0
]
}
}
]
},
{
"I": 117,
"DU": 1,
"E": [
{
"SI": {
"SN": "light flicker",
"IN": "_bl0_",
"ST": "MC",
"TRP": {
"x": 1001.0,
"y": -314.6
},
"M3D": [
0.9992523193359375,
-0.01129150390625,
0.0,
0.0,
0.01129150390625,
0.9992523193359375,
0.0,
0.0,
0.0,
0.0,
1.0,
0.0,
-803.25,
-40.85,
0.0,
1.0
]
}
}
]
},
{
"I": 118,
"DU": 1,
"E": [
{
"SI": {
"SN": "light flicker",
"IN": "_bl0_",
"ST": "MC",
"TRP": {
"x": 1001.05,
"y": -314.55
},
"M3D": [
0.9989471435546875,
-0.0275115966796875,
0.0,
0.0,
0.0275115966796875,
0.9989471435546875,
0.0,
0.0,
0.0,
0.0,
1.0,
0.0,
-797.9,
-24.7,
0.0,
1.0
]
}
}
]
},
{
"I": 119,
"DU": 1,
"E": [
{
"SI": {
"SN": "light flicker",
"IN": "_bl0_",
"ST": "MC",
"TRP": {
"x": 1001.05,
"y": -314.55
},
"M3D": [
0.998382568359375,
-0.0433502197265625,
0.0,
0.0,
0.0433502197265625,
0.998382568359375,
0.0,
0.0,
0.0,
0.0,
1.0,
0.0,
-792.3,
-9.1,
0.0,
1.0
]
}
}
]
},
{
"I": 120,
"DU": 1,
"E": [
{
"SI": {
"SN": "light flicker",
"IN": "_bl0_",
"ST": "MC",
"TRP": {
"x": 1000.95,
"y": -314.45
},
"M3D": [
0.997589111328125,
-0.058685302734375,
0.0,
0.0,
0.058685302734375,
0.997589111328125,
0.0,
0.0,
0.0,
0.0,
1.0,
0.0,
-786.7,
5.95,
0.0,
1.0
]
}
}
]
},
{
"I": 121,
"DU": 1,
"E": [
{
"SI": {
"SN": "light flicker",
"IN": "_bl0_",
"ST": "MC",
"TRP": {
"x": 1001.05,
"y": -314.5
},
"M3D": [
0.99664306640625,
-0.0733489990234375,
0.0,
0.0,
0.0733489990234375,
0.99664306640625,
0.0,
0.0,
0.0,
0.0,
1.0,
0.0,
-781.15,
20.35,
0.0,
1.0
]
}
}
]
},
{
"I": 122,
"DU": 1,
"E": [
{
"SI": {
"SN": "light flicker",
"IN": "_bl0_",
"ST": "MC",
"TRP": {
"x": 1001.05,
"y": -314.5
},
"M3D": [
0.995513916015625,
-0.0872802734375,
0.0,
0.0,
0.0872802734375,
0.995513916015625,
0.0,
0.0,
0.0,
0.0,
1.0,
0.0,
-775.65,
33.95,
0.0,
1.0
]
}
}
]
},
{
"I": 123,
"DU": 1,
"E": [
{
"SI": {
"SN": "light flicker",
"IN": "_bl0_",
"ST": "MC",
"TRP": {
"x": 1001.0,
"y": -314.5
},
"M3D": [
0.9942779541015625,
-0.1003570556640625,
0.0,
0.0,
0.1003570556640625,
0.9942779541015625,
0.0,
0.0,
0.0,
0.0,
1.0,
0.0,
-770.3,
46.65,
0.0,
1.0
]
}
}
]
},
{
"I": 124,
"DU": 1,
"E": [
{
"SI": {
"SN": "light flicker",
"IN": "_bl0_",
"ST": "MC",
"TRP": {
"x": 1001.05,
"y": -314.45
},
"M3D": [
0.992950439453125,
-0.112548828125,
0.0,
0.0,
0.112548828125,
0.992950439453125,
0.0,
0.0,
0.0,
0.0,
1.0,
0.0,
-765.15,
58.45,
0.0,
1.0
]
}
}
]
},
{
"I": 125,
"DU": 1,
"E": [
{
"SI": {
"SN": "light flicker",
"IN": "_bl0_",
"ST": "MC",
"TRP": {
"x": 1001.0,
"y": -314.5
},
"M3D": [
0.9916229248046875,
-0.12384033203125,
0.0,
0.0,
0.12384033203125,
0.9916229248046875,
0.0,
0.0,
0.0,
0.0,
1.0,
0.0,
-760.25,
69.35,
0.0,
1.0
]
}
}
]
},
{
"I": 126,
"DU": 1,
"E": [
{
"SI": {
"SN": "light flicker",
"IN": "_bl0_",
"ST": "MC",
"TRP": {
"x": 1001.0,
"y": -314.5
},
"M3D": [
0.990264892578125,
-0.1342010498046875,
0.0,
0.0,
0.1342010498046875,
0.990264892578125,
0.0,
0.0,
0.0,
0.0,
1.0,
0.0,
-755.6,
79.3,
0.0,
1.0
]
}
}
]
},
{
"I": 127,
"DU": 1,
"E": [
{
"SI": {
"SN": "light flicker",
"IN": "_bl0_",
"ST": "MC",
"TRP": {
"x": 1001.0,
"y": -314.5
},
"M3D": [
0.988922119140625,
-0.1436614990234375,
0.0,
0.0,
0.1436614990234375,
0.988922119140625,
0.0,
0.0,
0.0,
0.0,
1.0,
0.0,
-751.3,
88.3,
0.0,
1.0
]
}
}
]
},
{
"I": 128,
"DU": 1,
"E": [
{
"SI": {
"SN": "light flicker",
"IN": "_bl0_",
"ST": "MC",
"TRP": {
"x": 1001.05,
"y": -314.5
},
"M3D": [
0.987640380859375,
-0.1522369384765625,
0.0,
0.0,
0.1522369384765625,
0.987640380859375,
0.0,
0.0,
0.0,
0.0,
1.0,
0.0,
-747.35,
96.5,
0.0,
1.0
]
}
}
]
},
{
"I": 129,
"DU": 1,
"E": [
{
"SI": {
"SN": "light flicker",
"IN": "_bl0_",
"ST": "MC",
"TRP": {
"x": 1000.95,
"y": -314.55
},
"M3D": [
0.9864501953125,
-0.1599273681640625,
0.0,
0.0,
0.1599273681640625,
0.9864501953125,
0.0,
0.0,
0.0,
0.0,
1.0,
0.0,
-743.7,
103.85,
0.0,
1.0
]
}
}
]
},
{
"I": 130,
"DU": 1,
"E": [
{
"SI": {
"SN": "light flicker",
"IN": "_bl0_",
"ST": "MC",
"TRP": {
"x": 1001.05,
"y": -314.5
},
"M3D": [
0.9853057861328125,
-0.1667633056640625,
0.0,
0.0,
0.1667633056640625,
0.9853057861328125,
0.0,
0.0,
0.0,
0.0,
1.0,
0.0,
-740.45,
110.3,
0.0,
1.0
]
}
}
]
},
{
"I": 131,
"DU": 1,
"E": [
{
"SI": {
"SN": "light flicker",
"IN": "_bl0_",
"ST": "MC",
"TRP": {
"x": 1001.0,
"y": -314.55
},
"M3D": [
0.9842681884765625,
-0.17279052734375,
0.0,
0.0,
0.17279052734375,
0.9842681884765625,
0.0,
0.0,
0.0,
0.0,
1.0,
0.0,
-737.5,
116.05,
0.0,
1.0
]
}
}
]
},
{
"I": 132,
"DU": 1,
"E": [
{
"SI": {
"SN": "light flicker",
"IN": "_bl0_",
"ST": "MC",
"TRP": {
"x": 1001.05,
"y": -314.5
},
"M3D": [
0.98333740234375,
-0.1780548095703125,
0.0,
0.0,
0.1780548095703125,
0.98333740234375,
0.0,
0.0,
0.0,
0.0,
1.0,
0.0,
-734.95,
121.0,
0.0,
1.0
]
}
}
]
},
{
"I": 133,
"DU": 1,
"E": [
{
"SI": {
"SN": "light flicker",
"IN": "_bl0_",
"ST": "MC",
"TRP": {
"x": 1001.0,
"y": -314.5
},
"M3D": [
0.9824981689453125,
-0.1825714111328125,
0.0,
0.0,
0.1825714111328125,
0.9824981689453125,
0.0,
0.0,
0.0,
0.0,
1.0,
0.0,
-732.65,
125.25,
0.0,
1.0
]
}
}
]
},
{
"I": 134,
"DU": 1,
"E": [
{
"SI": {
"SN": "light flicker",
"IN": "_bl0_",
"ST": "MC",
"TRP": {
"x": 1001.05,
"y": -314.5
},
"M3D": [
0.981781005859375,
-0.1863861083984375,
0.0,
0.0,
0.1863861083984375,
0.981781005859375,
0.0,
0.0,
0.0,
0.0,
1.0,
0.0,
-730.75,
128.85,
0.0,
1.0
]
}
}
]
},
{
"I": 135,
"DU": 1,
"E": [
{
"SI": {
"SN": "light flicker",
"IN": "_bl0_",
"ST": "MC",
"TRP": {
"x": 1001.05,
"y": -314.5
},
"M3D": [
0.9811859130859375,
-0.18951416015625,
0.0,
0.0,
0.18951416015625,
0.9811859130859375,
0.0,
0.0,
0.0,
0.0,
1.0,
0.0,
-729.15,
131.8,
0.0,
1.0
]
}
}
]
},
{
"I": 136,
"DU": 1,
"E": [
{
"SI": {
"SN": "light flicker",
"IN": "_bl0_",
"ST": "MC",
"TRP": {
"x": 1001.0,
"y": -314.5
},
"M3D": [
0.9806976318359375,
-0.1920318603515625,
0.0,
0.0,
0.1920318603515625,
0.9806976318359375,
0.0,
0.0,
0.0,
0.0,
1.0,
0.0,
-727.85,
134.15,
0.0,
1.0
]
}
}
]
},
{
"I": 137,
"DU": 1,
"E": [
{
"SI": {
"SN": "light flicker",
"IN": "_bl0_",
"ST": "MC",
"TRP": {
"x": 1001.0,
"y": -314.5
},
"M3D": [
0.980316162109375,
-0.1939239501953125,
0.0,
0.0,
0.1939239501953125,
0.980316162109375,
0.0,
0.0,
0.0,
0.0,
1.0,
0.0,
-726.85,
135.95,
0.0,
1.0
]
}
}
]
},
{
"I": 138,
"DU": 2,
"E": [
{
"SI": {
"SN": "light flicker",
"IN": "_bl0_",
"ST": "MC",
"TRP": {
"x": 1001.1,
"y": -314.5
},
"M3D": [
0.9801025390625,
-0.1952972412109375,
0.0,
0.0,
0.1952972412109375,
0.9801025390625,
0.0,
0.0,
0.0,
0.0,
1.0,
0.0,
-726.35,
137.3,
0.0,
1.0
]
}
}
]
},
{
"I": 140,
"DU": 1,
"E": [
{
"SI": {
"SN": "light flicker",
"IN": "_bl0_",
"ST": "MC",
"TRP": {
"x": 1001.1,
"y": -314.5
},
"M3D": [
0.9801025390625,
-0.1952972412109375,
0.0,
0.0,
0.1952972412109375,
0.9801025390625,
0.0,
0.0,
0.0,
0.0,
1.0,
0.0,
-726.35,
137.3,
0.0,
1.0
]
}
}
]
},
{
"I": 141,
"DU": 1,
"E": [
{
"SI": {
"SN": "light flicker",
"IN": "_bl0_",
"ST": "MC",
"TRP": {
"x": 1001.05,
"y": -314.5
},
