{
"AN": {
"N": "OOGA BOOGEY BG",
"SN": "lamp",
"TL": {
"L": [
{
"LN": "lamp",
"FR": [
{
"I": 0,
"DU": 1,
"E": [
{
"SI": {
"SN": "the lamp",
"IN": "",
"ST": "MC",
"TRP": {
"x": 1001.15,
"y": -314.6
},
"M3D": [
0.9801025390625,
0.1952972412109375,
0.0,
0.0,
-0.1952972412109375,
0.9801025390625,
0.0,
0.0,
0.0,
0.0,
1.0,
0.0,
-849.2,
-253.6,
0.0,
1.0
],
"C": {
"M": "AD",
"RM": 1.0,
"GM": 1.0,
"BM": 1.0,
"AM": 1.0,
"RO": -8.0,
"GO": -12.0,
"BO": -20.0,
"AO": 0.0
},
"F": {
"ACF": {
"BRT": 12.0,
"CT": 16.0,
"SAT": 0.0,
"H": -7.0
}
}
}
}
]
},
{
"I": 1,
"DU": 1,
"E": [
{
"SI": {
"SN": "the lamp",
"IN": "",
"ST": "MC",
"TRP": {
"x": 1001.15,
"y": -314.6
},
"M3D": [
0.9802093505859375,
0.1944427490234375,
0.0,
0.0,
-0.1944427490234375,
0.9802093505859375,
0.0,
0.0,
0.0,
0.0,
1.0,
0.0,
-849.0,
-252.7,
0.0,
1.0
],
"C": {
"M": "AD",
"RM": 1.0,
"GM": 1.0,
"BM": 1.0,
"AM": 1.0,
"RO": -8.0,
"GO": -12.0,
"BO": -20.0,
"AO": 0.0
},
"F": {
"ACF": {
"BRT": 12.0,
"CT": 16.0,
"SAT": 0.0,
"H": -7.0
}
}
}
}
]
},
{
"I": 2,
"DU": 1,
"E": [
{
"SI": {
"SN": "the lamp",
"IN": "",
"ST": "MC",
"TRP": {
"x": 1001.15,
"y": -314.6
},
"M3D": [
0.9805145263671875,
0.1930084228515625,
0.0,
0.0,
-0.1930084228515625,
0.9805145263671875,
0.0,
0.0,
0.0,
0.0,
1.0,
0.0,
-848.85,
-251.15,
0.0,
1.0
],
"C": {
"M": "AD",
"RM": 1.0,
"GM": 1.0,
"BM": 1.0,
"AM": 1.0,
"RO": -8.0,
"GO": -12.0,
"BO": -20.0,
"AO": 0.0
},
"F": {
"ACF": {
"BRT": 12.0,
"CT": 16.0,
"SAT": 0.0,
"H": -7.0
}
}
}
}
]
},
{
"I": 3,
"DU": 1,
"E": [
{
"SI": {
"SN": "the lamp",
"IN": "",
"ST": "MC",
"TRP": {
"x": 1001.15,
"y": -314.65
},
"M3D": [
0.9809112548828125,
0.1909637451171875,
0.0,
0.0,
-0.1909637451171875,
0.9809112548828125,
0.0,
0.0,
0.0,
0.0,
1.0,
0.0,
-848.6,
-248.95,
0.0,
1.0
],
"C": {
"M": "AD",
"RM": 1.0,
"GM": 1.0,
"BM": 1.0,
"AM": 1.0,
"RO": -8.0,
"GO": -12.0,
"BO": -20.0,
"AO": 0.0
},
"F": {
"ACF": {
"BRT": 12.0,
"CT": 16.0,
"SAT": 0.0,
"H": -7.0
}
}
}
}
]
},
{
"I": 4,
"DU": 1,
"E": [
{
"SI": {
"SN": "the lamp",
"IN": "",
"ST": "MC",
"TRP": {
"x": 1001.1,
"y": -314.6
},
"M3D": [
0.9813995361328125,
0.1882476806640625,
0.0,
0.0,
-0.1882476806640625,
0.9813995361328125,
0.0,
0.0,
0.0,
0.0,
1.0,
0.0,
-848.2,
-246.15,
0.0,
1.0
],
"C": {
"M": "AD",
"RM": 1.0,
"GM": 1.0,
"BM": 1.0,
"AM": 1.0,
"RO": -8.0,
"GO": -12.0,
"BO": -20.0,
"AO": 0.0
},
"F": {
"ACF": {
"BRT": 12.0,
"CT": 16.0,
"SAT": 0.0,
"H": -7.0
}
}
}
}
]
},
{
"I": 5,
"DU": 1,
"E": [
{
"SI": {
"SN": "the lamp",
"IN": "",
"ST": "MC",
"TRP": {
"x": 1001.1,
"y": -314.55
},
"M3D": [
0.9820556640625,
0.1848602294921875,
0.0,
0.0,
-0.1848602294921875,
0.9820556640625,
0.0,
0.0,
0.0,
0.0,
1.0,
0.0,
-847.8,
-242.6,
0.0,
1.0
],
"C": {
"M": "AD",
"RM": 1.0,
"GM": 1.0,
"BM": 1.0,
"AM": 1.0,
"RO": -8.0,
"GO": -12.0,
"BO": -20.0,
"AO": 0.0
},
"F": {
"ACF": {
"BRT": 12.0,
"CT": 16.0,
"SAT": 0.0,
"H": -7.0
}
}
}
}
]
},
{
"I": 6,
"DU": 1,
"E": [
{
"SI": {
"SN": "the lamp",
"IN": "",
"ST": "MC",
"TRP": {
"x": 1001.1,
"y": -314.6
},
"M3D": [
0.9828033447265625,
0.18072509765625,
0.0,
0.0,
-0.18072509765625,
0.9828033447265625,
0.0,
0.0,
0.0,
0.0,
1.0,
0.0,
-847.3,
-238.2,
0.0,
1.0
],
"C": {
"M": "AD",
"RM": 1.0,
"GM": 1.0,
"BM": 1.0,
"AM": 1.0,
"RO": -8.0,
"GO": -12.0,
"BO": -20.0,
"AO": 0.0
},
"F": {
"ACF": {
"BRT": 12.0,
"CT": 16.0,
"SAT": 0.0,
"H": -7.0
}
}
}
}
]
},
{
"I": 7,
"DU": 1,
"E": [
{
"SI": {
"SN": "the lamp",
"IN": "",
"ST": "MC",
"TRP": {
"x": 1001.1,
"y": -314.65
},
"M3D": [
0.98370361328125,
0.1758575439453125,
0.0,
0.0,
-0.1758575439453125,
0.98370361328125,
0.0,
0.0,
0.0,
0.0,
1.0,
0.0,
-846.6,
-233.0,
0.0,
1.0
],
"C": {
"M": "AD",
"RM": 1.0,
"GM": 1.0,
"BM": 1.0,
"AM": 1.0,
"RO": -8.0,
"GO": -12.0,
"BO": -20.0,
"AO": 0.0
},
"F": {
"ACF": {
"BRT": 12.0,
"CT": 16.0,
"SAT": 0.0,
"H": -7.0
}
}
}
}
]
},
{
"I": 8,
"DU": 1,
"E": [
{
"SI": {
"SN": "the lamp",
"IN": "",
"ST": "MC",
"TRP": {
"x": 1001.1,
"y": -314.6
},
"M3D": [
0.98468017578125,
0.170196533203125,
0.0,
0.0,
-0.170196533203125,
0.98468017578125,
0.0,
0.0,
0.0,
0.0,
1.0,
0.0,
-845.85,
-227.05,
0.0,
1.0
],
"C": {
"M": "AD",
"RM": 1.0,
"GM": 1.0,
"BM": 1.0,
"AM": 1.0,
"RO": -8.0,
"GO": -12.0,
"BO": -20.0,
"AO": 0.0
},
"F": {
"ACF": {
"BRT": 12.0,
"CT": 16.0,
"SAT": 0.0,
"H": -7.0
}
}
}
}
]
},
{
"I": 9,
"DU": 1,
"E": [
{
"SI": {
"SN": "the lamp",
"IN": "",
"ST": "MC",
"TRP": {
"x": 1001.15,
"y": -314.6
},
"M3D": [
0.98577880859375,
0.1637115478515625,
0.0,
0.0,
-0.1637115478515625,
0.98577880859375,
0.0,
0.0,
0.0,
0.0,
1.0,
0.0,
-844.9,
-220.2,
0.0,
1.0
],
"C": {
"M": "AD",
"RM": 1.0,
"GM": 1.0,
"BM": 1.0,
"AM": 1.0,
"RO": -8.0,
"GO": -12.0,
"BO": -20.0,
"AO": 0.0
},
"F": {
"ACF": {
"BRT": 12.0,
"CT": 16.0,
"SAT": 0.0,
"H": -7.0
}
}
}
}
]
},
{
"I": 10,
"DU": 1,
"E": [
{
"SI": {
"SN": "the lamp",
"IN": "",
"ST": "MC",
"TRP": {
"x": 1001.1,
"y": -314.6
},
"M3D": [
0.9869537353515625,
0.1563720703125,
0.0,
0.0,
-0.1563720703125,
0.9869537353515625,
0.0,
0.0,
0.0,
0.0,
1.0,
0.0,
-843.75,
-212.5,
0.0,
1.0
],
"C": {
"M": "AD",
"RM": 1.0,
"GM": 1.0,
"BM": 1.0,
"AM": 1.0,
"RO": -8.0,
"GO": -12.0,
"BO": -20.0,
"AO": 0.0
},
"F": {
"ACF": {
"BRT": 12.0,
"CT": 16.0,
"SAT": 0.0,
"H": -7.0
}
}
}
}
]
},
{
"I": 11,
"DU": 1,
"E": [
{
"SI": {
"SN": "the lamp",
"IN": "",
"ST": "MC",
"TRP": {
"x": 1001.1,
"y": -314.6
},
"M3D": [
0.9882049560546875,
0.14813232421875,
0.0,
0.0,
-0.14813232421875,
0.9882049560546875,
0.0,
0.0,
0.0,
0.0,
1.0,
0.0,
-842.45,
-203.8,
0.0,
1.0
],
"C": {
"M": "AD",
"RM": 1.0,
"GM": 1.0,
"BM": 1.0,
"AM": 1.0,
"RO": -8.0,
"GO": -12.0,
"BO": -20.0,
"AO": 0.0
},
"F": {
"ACF": {
"BRT": 12.0,
"CT": 16.0,
"SAT": 0.0,
"H": -7.0
}
}
}
}
]
},
{
"I": 12,
"DU": 1,
"E": [
{
"SI": {
"SN": "the lamp",
"IN": "",
"ST": "MC",
"TRP": {
"x": 1001.15,
"y": -314.6
},
"M3D": [
0.989501953125,
0.139007568359375,
0.0,
0.0,
-0.139007568359375,
0.989501953125,
0.0,
0.0,
0.0,
0.0,
1.0,
0.0,
-840.85,
-194.25,
0.0,
1.0
],
"C": {
"M": "AD",
"RM": 1.0,
"GM": 1.0,
"BM": 1.0,
"AM": 1.0,
"RO": -8.0,
"GO": -12.0,
"BO": -20.0,
"AO": 0.0
},
"F": {
"ACF": {
"BRT": 12.0,
"CT": 16.0,
"SAT": 0.0,
"H": -7.0
}
}
}
}
]
},
{
"I": 13,
"DU": 1,
"E": [
{
"SI": {
"SN": "the lamp",
"IN": "",
"ST": "MC",
"TRP": {
"x": 1001.15,
"y": -314.6
},
"M3D": [
0.9908447265625,
0.1289825439453125,
0.0,
0.0,
-0.1289825439453125,
0.9908447265625,
0.0,
0.0,
0.0,
0.0,
1.0,
0.0,
-839.05,
-183.8,
0.0,
1.0
],
"C": {
"M": "AD",
"RM": 1.0,
"GM": 1.0,
"BM": 1.0,
"AM": 1.0,
"RO": -8.0,
"GO": -12.0,
"BO": -20.0,
"AO": 0.0
},
"F": {
"ACF": {
"BRT": 12.0,
"CT": 16.0,
"SAT": 0.0,
"H": -7.0
}
}
}
}
]
},
{
"I": 14,
"DU": 1,
"E": [
{
"SI": {
"SN": "the lamp",
"IN": "",
"ST": "MC",
"TRP": {
"x": 1001.15,
"y": -314.55
},
"M3D": [
0.9922027587890625,
0.1180419921875,
0.0,
0.0,
-0.1180419921875,
0.9922027587890625,
0.0,
0.0,
0.0,
0.0,
1.0,
0.0,
-836.95,
-172.45,
0.0,
1.0
],
"C": {
"M": "AD",
"RM": 1.0,
"GM": 1.0,
"BM": 1.0,
"AM": 1.0,
"RO": -8.0,
"GO": -12.0,
"BO": -20.0,
"AO": 0.0
},
"F": {
"ACF": {
"BRT": 12.0,
"CT": 16.0,
"SAT": 0.0,
"H": -7.0
}
}
}
}
]
},
{
"I": 15,
"DU": 1,
"E": [
{
"SI": {
"SN": "the lamp",
"IN": "",
"ST": "MC",
"TRP": {
"x": 1001.1,
"y": -314.6
},
"M3D": [
0.9935150146484375,
0.106231689453125,
0.0,
0.0,
-0.106231689453125,
0.9935150146484375,
0.0,
0.0,
0.0,
0.0,
1.0,
0.0,
-834.55,
-160.25,
0.0,
1.0
],
"C": {
"M": "AD",
"RM": 1.0,
"GM": 1.0,
"BM": 1.0,
"AM": 1.0,
"RO": -8.0,
"GO": -12.0,
"BO": -20.0,
"AO": 0.0
},
"F": {
"ACF": {
"BRT": 12.0,
"CT": 16.0,
"SAT": 0.0,
"H": -7.0
}
}
}
}
]
},
{
"I": 16,
"DU": 1,
"E": [
{
"SI": {
"SN": "the lamp",
"IN": "",
"ST": "MC",
"TRP": {
"x": 1001.1,
"y": -314.6
},
"M3D": [
0.9947662353515625,
0.0935516357421875,
0.0,
0.0,
-0.0935516357421875,
0.9947662353515625,
0.0,
0.0,
0.0,
0.0,
1.0,
0.0,
-831.85,
-147.15,
0.0,
1.0
],
"C": {
"M": "AD",
"RM": 1.0,
"GM": 1.0,
"BM": 1.0,
"AM": 1.0,
"RO": -8.0,
"GO": -12.0,
"BO": -20.0,
"AO": 0.0
},
"F": {
"ACF": {
"BRT": 12.0,
"CT": 16.0,
"SAT": 0.0,
"H": -7.0
}
}
}
}
]
},
{
"I": 17,
"DU": 1,
"E": [
{
"SI": {
"SN": "the lamp",
"IN": "",
"ST": "MC",
"TRP": {
"x": 1001.15,
"y": -314.6
},
"M3D": [
0.9959259033203125,
0.0800933837890625,
0.0,
0.0,
-0.0800933837890625,
0.9959259033203125,
0.0,
0.0,
0.0,
0.0,
1.0,
0.0,
-828.75,
-133.25,
0.0,
1.0
],
"C": {
"M": "AD",
"RM": 1.0,
"GM": 1.0,
"BM": 1.0,
"AM": 1.0,
"RO": -8.0,
"GO": -12.0,
"BO": -20.0,
"AO": 0.0
},
"F": {
"ACF": {
"BRT": 12.0,
"CT": 16.0,
"SAT": 0.0,
"H": -7.0
}
}
}
}
]
},
{
"I": 18,
"DU": 1,
"E": [
{
"SI": {
"SN": "the lamp",
"IN": "",
"ST": "MC",
"TRP": {
"x": 1001.1,
"y": -314.6
},
"M3D": [
0.9969482421875,
0.0659332275390625,
0.0,
0.0,
-0.0659332275390625,
0.9969482421875,
0.0,
0.0,
0.0,
0.0,
1.0,
0.0,
-825.3,
-118.8,
0.0,
1.0
],
"C": {
"M": "AD",
"RM": 1.0,
"GM": 1.0,
"BM": 1.0,
"AM": 1.0,
"RO": -8.0,
"GO": -12.0,
"BO": -20.0,
"AO": 0.0
},
"F": {
"ACF": {
"BRT": 12.0,
"CT": 16.0,
"SAT": 0.0,
"H": -7.0
}
}
}
}
]
},
{
"I": 19,
"DU": 1,
"E": [
{
"SI": {
"SN": "the lamp",
"IN": "",
"ST": "MC",
"TRP": {
"x": 1001.1,
"y": -314.65
},
"M3D": [
0.9977874755859375,
0.051177978515625,
0.0,
0.0,
-0.051177978515625,
0.9977874755859375,
0.0,
0.0,
0.0,
0.0,
1.0,
0.0,
-821.5,
-103.75,
0.0,
1.0
],
"C": {
"M": "AD",
"RM": 1.0,
"GM": 1.0,
"BM": 1.0,
"AM": 1.0,
"RO": -8.0,
"GO": -12.0,
"BO": -20.0,
"AO": 0.0
},
"F": {
"ACF": {
"BRT": 12.0,
"CT": 16.0,
"SAT": 0.0,
"H": -7.0
}
}
}
}
]
},
{
"I": 20,
"DU": 1,
"E": [
{
"SI": {
"SN": "the lamp",
"IN": "",
"ST": "MC",
"TRP": {
"x": 1001.1,
"y": -314.65
},
"M3D": [
0.9984283447265625,
0.0359649658203125,
0.0,
0.0,
-0.0359649658203125,
0.9984283447265625,
0.0,
0.0,
0.0,
0.0,
1.0,
0.0,
-817.35,
-88.35,
0.0,
1.0
],
"C": {
"M": "AD",
"RM": 1.0,
"GM": 1.0,
"BM": 1.0,
"AM": 1.0,
"RO": -8.0,
"GO": -12.0,
"BO": -20.0,
"AO": 0.0
},
"F": {
"ACF": {
"BRT": 12.0,
"CT": 16.0,
"SAT": 0.0,
"H": -7.0
}
}
}
}
]
},
{
"I": 21,
"DU": 1,
"E": [
{
"SI": {
"SN": "the lamp",
"IN": "",
"ST": "MC",
"TRP": {
"x": 1001.1,
"y": -314.55
},
"M3D": [
0.9988555908203125,
0.0204315185546875,
0.0,
0.0,
-0.0204315185546875,
0.9988555908203125,
0.0,
0.0,
0.0,
0.0,
1.0,
0.0,
-812.85,
-72.65,
0.0,
1.0
],
"C": {
"M": "AD",
"RM": 1.0,
"GM": 1.0,
"BM": 1.0,
"AM": 1.0,
"RO": -8.0,
"GO": -12.0,
"BO": -20.0,
"AO": 0.0
},
"F": {
"ACF": {
"BRT": 12.0,
"CT": 16.0,
"SAT": 0.0,
"H": -7.0
}
}
}
}
]
},
{
"I": 22,
"DU": 1,
"E": [
{
"SI": {
"SN": "the lamp",
"IN": "",
"ST": "MC",
"TRP": {
"x": 1001.15,
"y": -314.6
},
"M3D": [
0.9990234375,
0.004730224609375,
0.0,
0.0,
-0.004730224609375,
0.9990234375,
0.0,
0.0,
0.0,
0.0,
1.0,
0.0,
-808.1,
-56.9,
0.0,
1.0
],
"C": {
"M": "AD",
"RM": 1.0,
"GM": 1.0,
"BM": 1.0,
"AM": 1.0,
"RO": -8.0,
"GO": -12.0,
"BO": -20.0,
"AO": 0.0
},
"F": {
"ACF": {
"BRT": 12.0,
"CT": 16.0,
"SAT": 0.0,
"H": -7.0
}
}
}
}
]
},
{
"I": 23,
"DU": 1,
"E": [
{
"SI": {
"SN": "the lamp",
"IN": "",
"ST": "MC",
"TRP": {
"x": 1001.15,
"y": -314.6
},
"M3D": [
0.9989471435546875,
-0.0109100341796875,
0.0,
0.0,
0.0109100341796875,
0.9989471435546875,
0.0,
0.0,
0.0,
0.0,
1.0,
0.0,
-803.1,
-41.2,
0.0,
1.0
],
"C": {
"M": "AD",
"RM": 1.0,
"GM": 1.0,
"BM": 1.0,
"AM": 1.0,
"RO": -8.0,
"GO": -12.0,
"BO": -20.0,
"AO": 0.0
},
"F": {
"ACF": {
"BRT": 12.0,
"CT": 16.0,
"SAT": 0.0,
"H": -7.0
}
}
}
}
]
},
{
"I": 24,
"DU": 1,
"E": [
{
"SI": {
"SN": "the lamp",
"IN": "",
"ST": "MC",
"TRP": {
"x": 1001.1,
"y": -314.6
},
"M3D": [
0.9986419677734375,
-0.02642822265625,
0.0,
0.0,
0.02642822265625,
0.9986419677734375,
0.0,
0.0,
0.0,
0.0,
1.0,
0.0,
-797.9,
-25.8,
0.0,
1.0
],
"C": {
"M": "AD",
"RM": 1.0,
"GM": 1.0,
"BM": 1.0,
"AM": 1.0,
"RO": -8.0,
"GO": -12.0,
"BO": -20.0,
"AO": 0.0
},
"F": {
"ACF": {
"BRT": 12.0,
"CT": 16.0,
"SAT": 0.0,
"H": -7.0
}
}
}
}
]
},
{
"I": 25,
"DU": 1,
"E": [
{
"SI": {
"SN": "the lamp",
"IN": "",
"ST": "MC",
"TRP": {
"x": 1001.1,
"y": -314.65
},
"M3D": [
0.9980926513671875,
-0.0416259765625,
0.0,
0.0,
0.0416259765625,
0.9980926513671875,
0.0,
0.0,
0.0,
0.0,
1.0,
0.0,
-792.65,
-10.75,
0.0,
1.0
],
"C": {
"M": "AD",
"RM": 1.0,
"GM": 1.0,
"BM": 1.0,
"AM": 1.0,
"RO": -8.0,
"GO": -12.0,
"BO": -20.0,
"AO": 0.0
},
"F": {
"ACF": {
"BRT": 12.0,
"CT": 16.0,
"SAT": 0.0,
"H": -7.0
}
}
}
}
]
},
{
"I": 26,
"DU": 1,
"E": [
{
"SI": {
"SN": "the lamp",
"IN": "",
"ST": "MC",
"TRP": {
"x": 1001.1,
"y": -314.55
},
"M3D": [
0.997344970703125,
-0.056304931640625,
0.0,
0.0,
0.056304931640625,
0.997344970703125,
0.0,
0.0,
0.0,
0.0,
1.0,
0.0,
-787.25,
3.65,
0.0,
1.0
],
"C": {
"M": "AD",
"RM": 1.0,
"GM": 1.0,
"BM": 1.0,
"AM": 1.0,
"RO": -8.0,
"GO": -12.0,
"BO": -20.0,
"AO": 0.0
},
"F": {
"ACF": {
"BRT": 12.0,
"CT": 16.0,
"SAT": 0.0,
"H": -7.0
}
}
}
}
]
},
{
"I": 27,
"DU": 1,
"E": [
{
"SI": {
"SN": "the lamp",
"IN": "",
"ST": "MC",
"TRP": {
"x": 1001.15,
"y": -314.55
},
"M3D": [
0.9964141845703125,
-0.0704345703125,
0.0,
0.0,
0.0704345703125,
0.9964141845703125,
0.0,
0.0,
0.0,
0.0,
1.0,
0.0,
-781.9,
17.5,
0.0,
1.0
],
"C": {
"M": "AD",
"RM": 1.0,
"GM": 1.0,
"BM": 1.0,
"AM": 1.0,
"RO": -8.0,
"GO": -12.0,
"BO": -20.0,
"AO": 0.0
},
"F": {
"ACF": {
"BRT": 12.0,
"CT": 16.0,
"SAT": 0.0,
"H": -7.0
}
}
}
}
]
},
{
"I": 28,
"DU": 1,
"E": [
{
"SI": {
"SN": "the lamp",
"IN": "",
"ST": "MC",
"TRP": {
"x": 1001.15,
"y": -314.6
},
"M3D": [
0.995361328125,
-0.0839080810546875,
0.0,
0.0,
0.0839080810546875,
0.995361328125,
0.0,
0.0,
0.0,
0.0,
1.0,
0.0,
-776.6,
30.7,
0.0,
1.0
],
"C": {
"M": "AD",
"RM": 1.0,
"GM": 1.0,
"BM": 1.0,
"AM": 1.0,
"RO": -8.0,
"GO": -12.0,
"BO": -20.0,
"AO": 0.0
},
"F": {
"ACF": {
"BRT": 12.0,
"CT": 16.0,
"SAT": 0.0,
"H": -7.0
}
}
}
}
]
},
{
"I": 29,
"DU": 1,
"E": [
{
"SI": {
"SN": "the lamp",
"IN": "",
"ST": "MC",
"TRP": {
"x": 1001.1,
"y": -314.55
},
"M3D": [
0.994171142578125,
-0.0966033935546875,
0.0,
0.0,
0.0966033935546875,
0.994171142578125,
0.0,
0.0,
0.0,
0.0,
1.0,
0.0,
-771.35,
43.05,
0.0,
1.0
],
"C": {
"M": "AD",
"RM": 1.0,
"GM": 1.0,
"BM": 1.0,
"AM": 1.0,
"RO": -8.0,
"GO": -12.0,
"BO": -20.0,
"AO": 0.0
},
"F": {
"ACF": {
"BRT": 12.0,
"CT": 16.0,
"SAT": 0.0,
"H": -7.0
}
}
}
}
]
},
{
"I": 30,
"DU": 1,
"E": [
{
"SI": {
"SN": "the lamp",
"IN": "",
"ST": "MC",
"TRP": {
"x": 1001.15,
"y": -314.55
},
"M3D": [
0.992919921875,
-0.1085357666015625,
0.0,
0.0,
0.1085357666015625,
0.992919921875,
0.0,
0.0,
0.0,
0.0,
1.0,
0.0,
-766.4,
54.6,
0.0,
1.0
],
"C": {
"M": "AD",
"RM": 1.0,
"GM": 1.0,
"BM": 1.0,
"AM": 1.0,
"RO": -8.0,
"GO": -12.0,
"BO": -20.0,
"AO": 0.0
},
"F": {
"ACF": {
"BRT": 12.0,
"CT": 16.0,
"SAT": 0.0,
"H": -7.0
}
}
}
}
]
},
{
"I": 31,
"DU": 1,
"E": [
{
"SI": {
"SN": "the lamp",
"IN": "",
"ST": "MC",
"TRP": {
"x": 1001.15,
"y": -314.55
},
"M3D": [
0.99163818359375,
-0.11962890625,
0.0,
0.0,
0.11962890625,
0.99163818359375,
0.0,
0.0,
0.0,
0.0,
1.0,
0.0,
-761.65,
65.3,
0.0,
1.0
],
"C": {
"M": "AD",
"RM": 1.0,
"GM": 1.0,
"BM": 1.0,
"AM": 1.0,
"RO": -8.0,
"GO": -12.0,
"BO": -20.0,
"AO": 0.0
},
"F": {
"ACF": {
"BRT": 12.0,
"CT": 16.0,
"SAT": 0.0,
"H": -7.0
}
}
}
}
]
},
{
"I": 32,
"DU": 1,
"E": [
{
"SI": {
"SN": "the lamp",
"IN": "",
"ST": "MC",
"TRP": {
"x": 1001.15,
"y": -314.55
},
"M3D": [
0.990325927734375,
-0.1298828125,
0.0,
0.0,
0.1298828125,
0.990325927734375,
0.0,
0.0,
0.0,
0.0,
1.0,
0.0,
-757.1,
75.1,
0.0,
1.0
],
"C": {
"M": "AD",
"RM": 1.0,
"GM": 1.0,
"BM": 1.0,
"AM": 1.0,
"RO": -8.0,
"GO": -12.0,
"BO": -20.0,
"AO": 0.0
},
"F": {
"ACF": {
"BRT": 12.0,
"CT": 16.0,
"SAT": 0.0,
"H": -7.0
}
}
}
}
]
},
{
"I": 33,
"DU": 1,
"E": [
{
"SI": {
"SN": "the lamp",
"IN": "",
"ST": "MC",
"TRP": {
"x": 1001.15,
"y": -314.55
},
"M3D": [
0.9890289306640625,
-0.1392974853515625,
0.0,
0.0,
0.1392974853515625,
0.9890289306640625,
0.0,
0.0,
0.0,
0.0,
1.0,
0.0,
-752.85,
84.1,
0.0,
1.0
],
"C": {
"M": "AD",
"RM": 1.0,
"GM": 1.0,
"BM": 1.0,
"AM": 1.0,
"RO": -8.0,
"GO": -12.0,
"BO": -20.0,
"AO": 0.0
},
"F": {
"ACF": {
"BRT": 12.0,
"CT": 16.0,
"SAT": 0.0,
"H": -7.0
}
}
}
}
]
},
{
"I": 34,
"DU": 1,
"E": [
{
"SI": {
"SN": "the lamp",
"IN": "",
"ST": "MC",
"TRP": {
"x": 1001.1,
"y": -314.55
},
"M3D": [
0.9877777099609375,
-0.1478729248046875,
0.0,
0.0,
0.1478729248046875,
0.9877777099609375,
0.0,
0.0,
0.0,
0.0,
1.0,
0.0,
-748.85,
92.35,
0.0,
1.0
],
"C": {
"M": "AD",
"RM": 1.0,
"GM": 1.0,
"BM": 1.0,
"AM": 1.0,
"RO": -8.0,
"GO": -12.0,
"BO": -20.0,
"AO": 0.0
},
"F": {
"ACF": {
"BRT": 12.0,
"CT": 16.0,
"SAT": 0.0,
"H": -7.0
}
}
}
}
]
},
{
"I": 35,
"DU": 1,
"E": [
{
"SI": {
"SN": "the lamp",
"IN": "",
"ST": "MC",
"TRP": {
"x": 1001.15,
"y": -314.5
},
"M3D": [
0.986541748046875,
-0.1556549072265625,
0.0,
0.0,
0.1556549072265625,
0.986541748046875,
0.0,
0.0,
0.0,
0.0,
1.0,
0.0,
-745.2,
99.7,
0.0,
1.0
],
"C": {
"M": "AD",
"RM": 1.0,
"GM": 1.0,
"BM": 1.0,
"AM": 1.0,
"RO": -8.0,
"GO": -12.0,
"BO": -20.0,
"AO": 0.0
},
"F": {
"ACF": {
"BRT": 12.0,
"CT": 16.0,
"SAT": 0.0,
"H": -7.0
}
}
}
}
]
},
{
"I": 36,
"DU": 1,
"E": [
{
"SI": {
"SN": "the lamp",
"IN": "",
"ST": "MC",
"TRP": {
"x": 1001.1,
"y": -314.55
},
"M3D": [
0.9853973388671875,
-0.1626434326171875,
0.0,
0.0,
0.1626434326171875,
0.9853973388671875,
0.0,
0.0,
0.0,
0.0,
1.0,
0.0,
-741.85,
106.4,
0.0,
1.0
],
"C": {
"M": "AD",
"RM": 1.0,
"GM": 1.0,
"BM": 1.0,
"AM": 1.0,
"RO": -8.0,
"GO": -12.0,
"BO": -20.0,
"AO": 0.0
},
"F": {
"ACF": {
"BRT": 12.0,
"CT": 16.0,
"SAT": 0.0,
"H": -7.0
}
}
}
}
]
},
{
"I": 37,
"DU": 1,
"E": [
{
"SI": {
"SN": "the lamp",
"IN": "",
"ST": "MC",
"TRP": {
"x": 1001.15,
"y": -314.6
},
"M3D": [
0.9843597412109375,
-0.16888427734375,
0.0,
0.0,
0.16888427734375,
0.9843597412109375,
0.0,
0.0,
0.0,
0.0,
1.0,
0.0,
-738.85,
112.3,
0.0,
1.0
],
"C": {
"M": "AD",
"RM": 1.0,
"GM": 1.0,
"BM": 1.0,
"AM": 1.0,
"RO": -8.0,
"GO": -12.0,
"BO": -20.0,
"AO": 0.0
},
"F": {
"ACF": {
"BRT": 12.0,
"CT": 16.0,
"SAT": 0.0,
"H": -7.0
}
}
}
}
]
},
{
"I": 38,
"DU": 1,
"E": [
{
"SI": {
"SN": "the lamp",
"IN": "",
"ST": "MC",
"TRP": {
"x": 1001.15,
"y": -314.55
},
"M3D": [
0.9833831787109375,
-0.17437744140625,
0.0,
0.0,
0.17437744140625,
0.9833831787109375,
0.0,
0.0,
0.0,
0.0,
1.0,
0.0,
-736.15,
117.5,
0.0,
1.0
],
"C": {
"M": "AD",
"RM": 1.0,
"GM": 1.0,
"BM": 1.0,
"AM": 1.0,
"RO": -8.0,
"GO": -12.0,
"BO": -20.0,
"AO": 0.0
},
"F": {
"ACF": {
"BRT": 12.0,
"CT": 16.0,
"SAT": 0.0,
"H": -7.0
}
}
}
}
]
},
{
"I": 39,
"DU": 1,
"E": [
{
"SI": {
"SN": "the lamp",
"IN": "",
"ST": "MC",
"TRP": {
"x": 1001.1,
"y": -314.6
},
"M3D": [
0.9825286865234375,
-0.17919921875,
0.0,
0.0,
0.17919921875,
0.9825286865234375,
0.0,
0.0,
0.0,
0.0,
1.0,
0.0,
-733.8,
122.05,
0.0,
1.0
],
"C": {
"M": "AD",
"RM": 1.0,
"GM": 1.0,
"BM": 1.0,
"AM": 1.0,
"RO": -8.0,
"GO": -12.0,
"BO": -20.0,
"AO": 0.0
},
"F": {
"ACF": {
"BRT": 12.0,
"CT": 16.0,
"SAT": 0.0,
"H": -7.0
}
}
}
}
]
},
{
"I": 40,
"DU": 1,
"E": [
{
"SI": {
"SN": "the lamp",
"IN": "",
"ST": "MC",
"TRP": {
"x": 1001.15,
"y": -314.55
},
"M3D": [
0.9817352294921875,
-0.183349609375,
0.0,
0.0,
0.183349609375,
0.9817352294921875,
0.0,
0.0,
0.0,
0.0,
1.0,
0.0,
-731.7,
125.95,
0.0,
1.0
],
"C": {
"M": "AD",
"RM": 1.0,
"GM": 1.0,
"BM": 1.0,
"AM": 1.0,
"RO": -8.0,
"GO": -12.0,
"BO": -20.0,
"AO": 0.0
},
"F": {
"ACF": {
"BRT": 12.0,
"CT": 16.0,
"SAT": 0.0,
"H": -7.0
}
}
}
}
]
},
{
"I": 41,
"DU": 1,
"E": [
{
"SI": {
"SN": "the lamp",
"IN": "",
"ST": "MC",
"TRP": {
"x": 1001.1,
"y": -314.6
},
"M3D": [
0.9810791015625,
-0.186859130859375,
0.0,
0.0,
0.186859130859375,
0.9810791015625,
0.0,
0.0,
0.0,
0.0,
1.0,
0.0,
-729.9,
129.3,
0.0,
1.0
],
"C": {
"M": "AD",
"RM": 1.0,
"GM": 1.0,
"BM": 1.0,
"AM": 1.0,
"RO": -8.0,
"GO": -12.0,
"BO": -20.0,
"AO": 0.0
},
"F": {
"ACF": {
"BRT": 12.0,
"CT": 16.0,
"SAT": 0.0,
"H": -7.0
}
}
}
}
]
},
{
"I": 42,
"DU": 1,
"E": [
{
"SI": {
"SN": "the lamp",
"IN": "",
"ST": "MC",
"TRP": {
"x": 1001.1,
"y": -314.55
},
"M3D": [
0.9805145263671875,
-0.18975830078125,
0.0,
0.0,
0.18975830078125,
0.9805145263671875,
0.0,
0.0,
0.0,
0.0,
1.0,
0.0,
-728.45,
132.0,
0.0,
1.0
],
"C": {
"M": "AD",
"RM": 1.0,
"GM": 1.0,
"BM": 1.0,
"AM": 1.0,
"RO": -8.0,
"GO": -12.0,
"BO": -20.0,
"AO": 0.0
},
"F": {
"ACF": {
"BRT": 12.0,
"CT": 16.0,
"SAT": 0.0,
"H": -7.0
}
}
}
}
]
},
{
"I": 43,
"DU": 1,
"E": [
{
"SI": {
"SN": "the lamp",
"IN": "",
"ST": "MC",
"TRP": {
"x": 1001.1,
"y": -314.6
},
"M3D": [
0.9800567626953125,
-0.19207763671875,
0.0,
0.0,
0.19207763671875,
0.9800567626953125,
0.0,
0.0,
0.0,
0.0,
1.0,
0.0,
-727.25,
134.15,
0.0,
1.0
],
"C": {
"M": "AD",
"RM": 1.0,
"GM": 1.0,
"BM": 1.0,
"AM": 1.0,
"RO": -8.0,
"GO": -12.0,
"BO": -20.0,
"AO": 0.0
},
"F": {
"ACF": {
"BRT": 12.0,
"CT": 16.0,
"SAT": 0.0,
"H": -7.0
}
}
}
}
]
},
{
"I": 44,
"DU": 1,
"E": [
{
"SI": {
"SN": "the lamp",
"IN": "",
"ST": "MC",
"TRP": {
"x": 1001.1,
"y": -314.55
},
"M3D": [
0.979705810546875,
-0.1938629150390625,
0.0,
0.0,
0.1938629150390625,
0.979705810546875,
0.0,
0.0,
0.0,
0.0,
1.0,
0.0,
-726.35,
135.85,
0.0,
1.0
],
"C": {
"M": "AD",
"RM": 1.0,
"GM": 1.0,
"BM": 1.0,
"AM": 1.0,
"RO": -8.0,
"GO": -12.0,
"BO": -20.0,
"AO": 0.0
},
"F": {
"ACF": {
"BRT": 12.0,
"CT": 16.0,
"SAT": 0.0,
"H": -7.0
}
}
}
}
]
},
{
"I": 45,
"DU": 2,
"E": [
{
"SI": {
"SN": "the lamp",
"IN": "",
"ST": "MC",
"TRP": {
"x": 1001.15,
"y": -314.55
},
"M3D": [
0.9794769287109375,
-0.195159912109375,
0.0,
0.0,
0.195159912109375,
0.9794769287109375,
0.0,
0.0,
0.0,
0.0,
1.0,
0.0,
-725.75,
137.1,
0.0,
1.0
],
"C": {
"M": "AD",
"RM": 1.0,
"GM": 1.0,
"BM": 1.0,
"AM": 1.0,
"RO": -8.0,
"GO": -12.0,
"BO": -20.0,
"AO": 0.0
},
"F": {
"ACF": {
"BRT": 12.0,
"CT": 16.0,
"SAT": 0.0,
"H": -7.0
}
}
}
}
]
},
{
"I": 47,
"DU": 1,
"E": [
{
"SI": {
"SN": "the lamp",
"IN": "",
"ST": "MC",
"TRP": {
"x": 1001.15,
"y": -314.55
},
"M3D": [
0.9794769287109375,
-0.195159912109375,
0.0,
0.0,
0.195159912109375,
0.9794769287109375,
0.0,
0.0,
0.0,
0.0,
1.0,
0.0,
-725.75,
137.1,
0.0,
1.0
],
"C": {
"M": "AD",
"RM": 1.0,
"GM": 1.0,
"BM": 1.0,
"AM": 1.0,
"RO": -8.0,
"GO": -12.0,
"BO": -20.0,
"AO": 0.0
},
"F": {
"ACF": {
"BRT": 12.0,
"CT": 16.0,
"SAT": 0.0,
"H": -7.0
}
}
}
}
]
},
{
"I": 48,
"DU": 1,
"E": [
{
"SI": {
"SN": "the lamp",
"IN": "",
"ST": "MC",
"TRP": {
"x": 1001.1,
"y": -314.6
},
"M3D": [
0.9796142578125,
-0.1943511962890625,
0.0,
0.0,
0.1943511962890625,
0.9796142578125,
0.0,
0.0,
0.0,
0.0,
1.0,
0.0,
-726.05,
136.25,
0.0,
1.0
],
"C": {
"M": "AD",
"RM": 1.0,
"GM": 1.0,
"BM": 1.0,
"AM": 1.0,
"RO": -8.0,
"GO": -12.0,
"BO": -20.0,
"AO": 0.0
},
"F": {
"ACF": {
"BRT": 12.0,
"CT": 16.0,
"SAT": 0.0,
"H": -7.0
}
}
}
}
]
},
{
"I": 49,
"DU": 1,
"E": [
{
"SI": {
"SN": "the lamp",
"IN": "",
"ST": "MC",
"TRP": {
"x": 1001.1,
"y": -314.55
},
"M3D": [
0.979888916015625,
-0.192962646484375,
0.0,
0.0,
0.192962646484375,
0.979888916015625,
0.0,
0.0,
0.0,
0.0,
1.0,
0.0,
-726.8,
134.95,
0.0,
1.0
],
"C": {
"M": "AD",
"RM": 1.0,
"GM": 1.0,
"BM": 1.0,
"AM": 1.0,
"RO": -8.0,
"GO": -12.0,
"BO": -20.0,
"AO": 0.0
},
"F": {
"ACF": {
"BRT": 12.0,
"CT": 16.0,
"SAT": 0.0,
"H": -7.0
}
}
}
}
]
},
{
"I": 50,
"DU": 1,
"E": [
{
"SI": {
"SN": "the lamp",
"IN": "",
"ST": "MC",
"TRP": {
"x": 1001.15,
"y": -314.6
},
"M3D": [
0.9802703857421875,
-0.19097900390625,
0.0,
0.0,
0.19097900390625,
0.9802703857421875,
0.0,
0.0,
0.0,
0.0,
1.0,
0.0,
-727.85,
133.1,
0.0,
1.0
],
"C": {
"M": "AD",
"RM": 1.0,
"GM": 1.0,
"BM": 1.0,
"AM": 1.0,
"RO": -8.0,
"GO": -12.0,
"BO": -20.0,
"AO": 0.0
},
"F": {
"ACF": {
"BRT": 12.0,
"CT": 16.0,
"SAT": 0.0,
"H": -7.0
}
}
}
}
]
},
{
"I": 51,
"DU": 1,
"E": [
{
"SI": {
"SN": "the lamp",
"IN": "",
"ST": "MC",
"TRP": {
"x": 1001.1,
"y": -314.55
},
"M3D": [
0.980804443359375,
-0.188385009765625,
0.0,
0.0,
0.188385009765625,
0.980804443359375,
0.0,
0.0,
0.0,
0.0,
1.0,
0.0,
-729.15,
130.7,
0.0,
1.0
],
"C": {
"M": "AD",
"RM": 1.0,
"GM": 1.0,
"BM": 1.0,
"AM": 1.0,
"RO": -8.0,
"GO": -12.0,
"BO": -20.0,
"AO": 0.0
},
"F": {
"ACF": {
"BRT": 12.0,
"CT": 16.0,
"SAT": 0.0,
"H": -7.0
}
}
}
}
]
},
{
"I": 52,
"DU": 1,
"E": [
{
"SI": {
"SN": "the lamp",
"IN": "",
"ST": "MC",
"TRP": {
"x": 1001.15,
"y": -314.6
},
"M3D": [
0.981414794921875,
-0.185150146484375,
0.0,
0.0,
0.185150146484375,
0.981414794921875,
0.0,
0.0,
0.0,
0.0,
1.0,
0.0,
-730.8,
127.65,
0.0,
1.0
],
"C": {
"M": "AD",
"RM": 1.0,
"GM": 1.0,
"BM": 1.0,
"AM": 1.0,
"RO": -8.0,
"GO": -12.0,
"BO": -20.0,
"AO": 0.0
},
"F": {
"ACF": {
"BRT": 12.0,
"CT": 16.0,
"SAT": 0.0,
"H": -7.0
}
}
}
}
]
},
{
"I": 53,
"DU": 1,
"E": [
{
"SI": {
"SN": "the lamp",
"IN": "",
"ST": "MC",
"TRP": {
"x": 1001.1,
"y": -314.6
},
"M3D": [
0.9821624755859375,
-0.181182861328125,
0.0,
0.0,
0.181182861328125,
0.9821624755859375,
0.0,
0.0,
0.0,
0.0,
1.0,
0.0,
-732.75,
123.95,
0.0,
1.0
],
"C": {
"M": "AD",
"RM": 1.0,
"GM": 1.0,
"BM": 1.0,
"AM": 1.0,
"RO": -8.0,
"GO": -12.0,
"BO": -20.0,
"AO": 0.0
},
"F": {
"ACF": {
"BRT": 12.0,
"CT": 16.0,
"SAT": 0.0,
"H": -7.0
}
}
}
}
]
},
{
"I": 54,
"DU": 1,
"E": [
{
"SI": {
"SN": "the lamp",
"IN": "",
"ST": "MC",
"TRP": {
"x": 1001.1,
"y": -314.6
},
"M3D": [
0.983001708984375,
-0.176544189453125,
0.0,
0.0,
0.176544189453125,
0.983001708984375,
0.0,
0.0,
0.0,
0.0,
1.0,
0.0,
-735.05,
119.55,
0.0,
1.0
],
"C": {
"M": "AD",
"RM": 1.0,
"GM": 1.0,
"BM": 1.0,
"AM": 1.0,
"RO": -8.0,
"GO": -12.0,
"BO": -20.0,
"AO": 0.0
},
"F": {
"ACF": {
"BRT": 12.0,
"CT": 16.0,
"SAT": 0.0,
"H": -7.0
}
}
}
}
]
},
{
"I": 55,
"DU": 1,
"E": [
{
"SI": {
"SN": "the lamp",
"IN": "",
"ST": "MC",
"TRP": {
"x": 1001.1,
"y": -314.55
},
"M3D": [
0.983978271484375,
-0.171142578125,
0.0,
0.0,
0.171142578125,
0.983978271484375,
0.0,
0.0,
0.0,
0.0,
1.0,
0.0,
-737.75,
114.45,
0.0,
1.0
],
"C": {
"M": "AD",
"RM": 1.0,
"GM": 1.0,
"BM": 1.0,
"AM": 1.0,
"RO": -8.0,
"GO": -12.0,
"BO": -20.0,
"AO": 0.0
},
"F": {
"ACF": {
"BRT": 12.0,
"CT": 16.0,
"SAT": 0.0,
"H": -7.0
}
}
}
}
]
},
{
"I": 56,
"DU": 1,
"E": [
{
"SI": {
"SN": "the lamp",
"IN": "",
"ST": "MC",
"TRP": {
"x": 1001.1,
"y": -314.55
},
"M3D": [
0.98504638671875,
-0.164947509765625,
0.0,
0.0,
0.164947509765625,
0.98504638671875,
0.0,
0.0,
0.0,
0.0,
1.0,
0.0,
-740.8,
108.55,
0.0,
1.0
],
"C": {
"M": "AD",
"RM": 1.0,
"GM": 1.0,
"BM": 1.0,
"AM": 1.0,
"RO": -8.0,
"GO": -12.0,
"BO": -20.0,
"AO": 0.0
},
"F": {
"ACF": {
"BRT": 12.0,
"CT": 16.0,
"SAT": 0.0,
"H": -7.0
}
}
}
}
]
},
{
"I": 57,
"DU": 1,
"E": [
{
"SI": {
"SN": "the lamp",
"IN": "",
"ST": "MC",
"TRP": {
"x": 1001.1,
"y": -314.55
},
"M3D": [
0.9861907958984375,
-0.157958984375,
0.0,
0.0,
0.157958984375,
0.9861907958984375,
0.0,
0.0,
0.0,
0.0,
1.0,
0.0,
-744.15,
101.9,
0.0,
1.0
],
"C": {
"M": "AD",
"RM": 1.0,
"GM": 1.0,
"BM": 1.0,
"AM": 1.0,
"RO": -8.0,
"GO": -12.0,
"BO": -20.0,
"AO": 0.0
},
"F": {
"ACF": {
"BRT": 12.0,
"CT": 16.0,
"SAT": 0.0,
"H": -7.0
}
}
}
}
]
},
{
"I": 58,
"DU": 1,
"E": [
{
"SI": {
"SN": "the lamp",
"IN": "",
"ST": "MC",
"TRP": {
"x": 1001.1,
"y": -314.55
},
"M3D": [
0.9874267578125,
-0.150115966796875,
0.0,
0.0,
0.150115966796875,
0.9874267578125,
0.0,
0.0,
0.0,
0.0,
1.0,
0.0,
-747.85,
94.45,
0.0,
1.0
],
"C": {
"M": "AD",
"RM": 1.0,
"GM": 1.0,
"BM": 1.0,
"AM": 1.0,
"RO": -8.0,
"GO": -12.0,
"BO": -20.0,
"AO": 0.0
},
"F": {
"ACF": {
"BRT": 12.0,
"CT": 16.0,
"SAT": 0.0,
"H": -7.0
}
}
}
}
]
},
{
"I": 59,
"DU": 1,
"E": [
{
"SI": {
"SN": "the lamp",
"IN": "",
"ST": "MC",
"TRP": {
"x": 1001.15,
"y": -314.55
},
"M3D": [
0.9887237548828125,
-0.14141845703125,
0.0,
0.0,
0.14141845703125,
0.9887237548828125,
0.0,
0.0,
0.0,
0.0,
1.0,
0.0,
-751.85,
86.1,
0.0,
1.0
],
"C": {
"M": "AD",
"RM": 1.0,
"GM": 1.0,
"BM": 1.0,
"AM": 1.0,
"RO": -8.0,
"GO": -12.0,
"BO": -20.0,
"AO": 0.0
},
"F": {
"ACF": {
"BRT": 12.0,
"CT": 16.0,
"SAT": 0.0,
"H": -7.0
}
}
}
}
]
},
{
"I": 60,
"DU": 1,
"E": [
{
"SI": {
"SN": "the lamp",
"IN": "",
"ST": "MC",
"TRP": {
"x": 1001.1,
"y": -314.55
},
"M3D": [
0.990081787109375,
-0.1318511962890625,
0.0,
0.0,
0.1318511962890625,
0.990081787109375,
0.0,
0.0,
0.0,
0.0,
1.0,
0.0,
-756.25,
77.0,
0.0,
1.0
],
"C": {
"M": "AD",
"RM": 1.0,
"GM": 1.0,
"BM": 1.0,
"AM": 1.0,
"RO": -8.0,
"GO": -12.0,
"BO": -20.0,
"AO": 0.0
},
"F": {
"ACF": {
"BRT": 12.0,
"CT": 16.0,
"SAT": 0.0,
"H": -7.0
}
}
}
}
]
},
{
"I": 61,
"DU": 1,
"E": [
{
"SI": {
"SN": "the lamp",
"IN": "",
"ST": "MC",
"TRP": {
"x": 1001.15,
"y": -314.55
},
"M3D": [
0.991424560546875,
-0.1214141845703125,
0.0,
0.0,
0.1214141845703125,
0.991424560546875,
0.0,
0.0,
0.0,
0.0,
1.0,
0.0,
-760.85,
66.95,
0.0,
1.0
],
"C": {
"M": "AD",
"RM": 1.0,
"GM": 1.0,
"BM": 1.0,
"AM": 1.0,
"RO": -8.0,
"GO": -12.0,
"BO": -20.0,
"AO": 0.0
},
"F": {
"ACF": {
"BRT": 12.0,
"CT": 16.0,
"SAT": 0.0,
"H": -7.0
}
}
}
}
]
},
{
"I": 62,
"DU": 1,
"E": [
{
"SI": {
"SN": "the lamp",
"IN": "",
"ST": "MC",
"TRP": {
"x": 1001.15,
"y": -314.6
},
"M3D": [
0.9927520751953125,
-0.1101226806640625,
0.0,
0.0,
0.1101226806640625,
0.9927520751953125,
0.0,
0.0,
0.0,
0.0,
1.0,
0.0,
-765.8,
56.05,
0.0,
1.0
],
"C": {
"M": "AD",
"RM": 1.0,
"GM": 1.0,
"BM": 1.0,
"AM": 1.0,
"RO": -8.0,
"GO": -12.0,
"BO": -20.0,
"AO": 0.0
},
"F": {
"ACF": {
"BRT": 12.0,
"CT": 16.0,
"SAT": 0.0,
"H": -7.0
}
}
}
}
]
},
{
"I": 63,
"DU": 1,
"E": [
{
"SI": {
"SN": "the lamp",
"IN": "",
"ST": "MC",
"TRP": {
"x": 1001.15,
"y": -314.6
},
"M3D": [
0.9940338134765625,
-0.0980224609375,
0.0,
0.0,
0.0980224609375,
0.9940338134765625,
0.0,
0.0,
0.0,
0.0,
1.0,
0.0,
-770.85,
44.35,
0.0,
1.0
],
"C": {
"M": "AD",
"RM": 1.0,
"GM": 1.0,
"BM": 1.0,
"AM": 1.0,
"RO": -8.0,
"GO": -12.0,
"BO": -20.0,
"AO": 0.0
},
"F": {
"ACF": {
"BRT": 12.0,
"CT": 16.0,
"SAT": 0.0,
"H": -7.0
}
}
}
}
]
},
{
"I": 64,
"DU": 1,
"E": [
{
"SI": {
"SN": "the lamp",
"IN": "",
"ST": "MC",
"TRP": {
"x": 1001.15,
"y": -314.55
},
"M3D": [
0.9952545166015625,
-0.0851287841796875,
0.0,
0.0,
0.0851287841796875,
0.9952545166015625,
0.0,
0.0,
0.0,
0.0,
1.0,
0.0,
-776.1,
31.85,
0.0,
1.0
],
"C": {
"M": "AD",
"RM": 1.0,
"GM": 1.0,
"BM": 1.0,
"AM": 1.0,
"RO": -8.0,
"GO": -12.0,
"BO": -20.0,
"AO": 0.0
},
"F": {
"ACF": {
"BRT": 12.0,
"CT": 16.0,
"SAT": 0.0,
"H": -7.0
}
}
}
}
]
},
{
"I": 65,
"DU": 1,
"E": [
{
"SI": {
"SN": "the lamp",
"IN": "",
"ST": "MC",
"TRP": {
"x": 1001.15,
"y": -314.6
},
"M3D": [
0.9963531494140625,
-0.071533203125,
0.0,
0.0,
0.071533203125,
0.9963531494140625,
0.0,
0.0,
0.0,
0.0,
1.0,
0.0,
-781.5,
18.6,
0.0,
1.0
],
"C": {
"M": "AD",
"RM": 1.0,
"GM": 1.0,
"BM": 1.0,
"AM": 1.0,
"RO": -8.0,
"GO": -12.0,
"BO": -20.0,
"AO": 0.0
},
"F": {
"ACF": {
"BRT": 12.0,
"CT": 16.0,
"SAT": 0.0,
"H": -7.0
}
}
}
}
]
},
{
"I": 66,
"DU": 1,
"E": [
{
"SI": {
"SN": "the lamp",
"IN": "",
"ST": "MC",
"TRP": {
"x": 1001.1,
"y": -314.6
},
"M3D": [
0.9972991943359375,
-0.0573272705078125,
0.0,
0.0,
0.0573272705078125,
0.9972991943359375,
0.0,
0.0,
0.0,
0.0,
1.0,
0.0,
-786.9,
4.7,
0.0,
1.0
],
"C": {
"M": "AD",
"RM": 1.0,
"GM": 1.0,
"BM": 1.0,
"AM": 1.0,
"RO": -8.0,
"GO": -12.0,
"BO": -20.0,
"AO": 0.0
},
"F": {
"ACF": {
"BRT": 12.0,
"CT": 16.0,
"SAT": 0.0,
"H": -7.0
}
}
}
}
]
},
{
"I": 67,
"DU": 1,
"E": [
{
"SI": {
"SN": "the lamp",
"IN": "",
"ST": "MC",
"TRP": {
"x": 1001.1,
"y": -314.6
},
"M3D": [
0.998046875,
-0.0426177978515625,
0.0,
0.0,
0.0426177978515625,
0.998046875,
0.0,
0.0,
0.0,
0.0,
1.0,
0.0,
-792.25,
-9.75,
0.0,
1.0
],
"C": {
"M": "AD",
"RM": 1.0,
"GM": 1.0,
"BM": 1.0,
"AM": 1.0,
"RO": -8.0,
"GO": -12.0,
"BO": -20.0,
"AO": 0.0
},
"F": {
"ACF": {
"BRT": 12.0,
"CT": 16.0,
"SAT": 0.0,
"H": -7.0
}
}
}
}
]
},
{
"I": 68,
"DU": 1,
"E": [
{
"SI": {
"SN": "the lamp",
"IN": "",
"ST": "MC",
"TRP": {
"x": 1001.15,
"y": -314.6
},
"M3D": [
0.9986114501953125,
-0.0275421142578125,
0.0,
0.0,
0.0275421142578125,
0.9986114501953125,
0.0,
0.0,
0.0,
0.0,
1.0,
0.0,
-797.55,
-24.7,
0.0,
1.0
],
"C": {
"M": "AD",
"RM": 1.0,
"GM": 1.0,
"BM": 1.0,
"AM": 1.0,
"RO": -8.0,
"GO": -12.0,
"BO": -20.0,
"AO": 0.0
},
"F": {
"ACF": {
"BRT": 12.0,
"CT": 16.0,
"SAT": 0.0,
"H": -7.0
}
}
}
}
]
},
{
"I": 69,
"DU": 1,
"E": [
{
"SI": {
"SN": "the lamp",
"IN": "",
"ST": "MC",
"TRP": {
"x": 1001.05,
"y": -314.6
},
"M3D": [
0.998931884765625,
-0.012237548828125,
0.0,
0.0,
0.012237548828125,
0.998931884765625,
0.0,
0.0,
0.0,
0.0,
1.0,
0.0,
-802.65,
-39.95,
0.0,
1.0
],
"C": {
"M": "AD",
"RM": 1.0,
"GM": 1.0,
"BM": 1.0,
"AM": 1.0,
"RO": -8.0,
"GO": -12.0,
"BO": -20.0,
"AO": 0.0
},
"F": {
"ACF": {
"BRT": 12.0,
"CT": 16.0,
"SAT": 0.0,
"H": -7.0
}
}
}
}
]
},
{
"I": 70,
"DU": 1,
"E": [
{
"SI": {
"SN": "the lamp",
"IN": "",
"ST": "MC",
"TRP": {
"x": 1001.1,
"y": -314.55
},
"M3D": [
0.9990234375,
0.0030975341796875,
0.0,
0.0,
-0.0030975341796875,
0.9990234375,
0.0,
0.0,
0.0,
0.0,
1.0,
0.0,
-807.65,
-55.25,
0.0,
1.0
],
"C": {
"M": "AD",
"RM": 1.0,
"GM": 1.0,
"BM": 1.0,
"AM": 1.0,
"RO": -8.0,
"GO": -12.0,
"BO": -20.0,
"AO": 0.0
},
"F": {
"ACF": {
"BRT": 12.0,
"CT": 16.0,
"SAT": 0.0,
"H": -7.0
}
}
}
}
]
},
{
"I": 71,
"DU": 1,
"E": [
{
"SI": {
"SN": "the lamp",
"IN": "",
"ST": "MC",
"TRP": {
"x": 1001.1,
"y": -314.6
},
"M3D": [
0.9988861083984375,
0.01837158203125,
0.0,
0.0,
-0.01837158203125,
0.9988861083984375,
0.0,
0.0,
0.0,
0.0,
1.0,
0.0,
-812.3,
-70.6,
0.0,
1.0
],
"C": {
"M": "AD",
"RM": 1.0,
"GM": 1.0,
"BM": 1.0,
"AM": 1.0,
"RO": -8.0,
"GO": -12.0,
"BO": -20.0,
"AO": 0.0
},
"F": {
"ACF": {
"BRT": 12.0,
"CT": 16.0,
"SAT": 0.0,
"H": -7.0
}
}
}
}
]
},
{
"I": 72,
"DU": 1,
"E": [
{
"SI": {
"SN": "the lamp",
"IN": "",
"ST": "MC",
"TRP": {
"x": 1001.1,
"y": -314.55
},
"M3D": [
0.99853515625,
0.0334014892578125,
0.0,
0.0,
-0.0334014892578125,
0.99853515625,
0.0,
0.0,
0.0,
0.0,
1.0,
0.0,
-816.7,
-85.75,
0.0,
1.0
],
"C": {
"M": "AD",
"RM": 1.0,
"GM": 1.0,
"BM": 1.0,
"AM": 1.0,
"RO": -8.0,
"GO": -12.0,
"BO": -20.0,
"AO": 0.0
},
"F": {
"ACF": {
"BRT": 12.0,
"CT": 16.0,
"SAT": 0.0,
"H": -7.0
}
}
}
}
]
},
{
"I": 73,
"DU": 1,
"E": [
{
"SI": {
"SN": "the lamp",
"IN": "",
"ST": "MC",
"TRP": {
"x": 1001.15,
"y": -314.6
},
"M3D": [
0.9979400634765625,
0.0480804443359375,
0.0,
0.0,
-0.0480804443359375,
0.9979400634765625,
0.0,
0.0,
0.0,
0.0,
1.0,
0.0,
-820.7,
-100.65,
0.0,
1.0
],
"C": {
"M": "AD",
"RM": 1.0,
"GM": 1.0,
"BM": 1.0,
"AM": 1.0,
"RO": -8.0,
"GO": -12.0,
"BO": -20.0,
"AO": 0.0
},
"F": {
"ACF": {
"BRT": 12.0,
"CT": 16.0,
"SAT": 0.0,
"H": -7.0
}
}
}
}
]
},
{
"I": 74,
"DU": 1,
"E": [
{
"SI": {
"SN": "the lamp",
"IN": "",
"ST": "MC",
"TRP": {
"x": 1001.1,
"y": -314.6
},
"M3D": [
0.997161865234375,
0.062255859375,
0.0,
0.0,
-0.062255859375,
0.997161865234375,
0.0,
0.0,
0.0,
0.0,
1.0,
0.0,
-824.35,
-115.05,
0.0,
1.0
],
"C": {
"M": "AD",
"RM": 1.0,
"GM": 1.0,
"BM": 1.0,
"AM": 1.0,
"RO": -8.0,
"GO": -12.0,
"BO": -20.0,
"AO": 0.0
},
"F": {
"ACF": {
"BRT": 12.0,
"CT": 16.0,
"SAT": 0.0,
"H": -7.0
}
}
}
}
]
},
{
"I": 75,
"DU": 1,
"E": [
{
"SI": {
"SN": "the lamp",
"IN": "",
"ST": "MC",
"TRP": {
"x": 1001.15,
"y": -314.6
},
"M3D": [
0.996246337890625,
0.075836181640625,
0.0,
0.0,
-0.075836181640625,
0.996246337890625,
0.0,
0.0,
0.0,
0.0,
1.0,
0.0,
-827.75,
-128.95,
0.0,
1.0
],
"C": {
"M": "AD",
"RM": 1.0,
"GM": 1.0,
"BM": 1.0,
"AM": 1.0,
"RO": -8.0,
"GO": -12.0,
"BO": -20.0,
"AO": 0.0
},
"F": {
"ACF": {
"BRT": 12.0,
"CT": 16.0,
"SAT": 0.0,
"H": -7.0
}
}
}
}
]
},
{
"I": 76,
"DU": 1,
"E": [
{
"SI": {
"SN": "the lamp",
"IN": "",
"ST": "MC",
"TRP": {
"x": 1001.1,
"y": -314.6
},
"M3D": [
0.995208740234375,
0.088714599609375,
0.0,
0.0,
-0.088714599609375,
0.995208740234375,
0.0,
0.0,
0.0,
0.0,
1.0,
0.0,
-830.7,
-142.15,
0.0,
1.0
],
"C": {
"M": "AD",
"RM": 1.0,
"GM": 1.0,
"BM": 1.0,
"AM": 1.0,
"RO": -8.0,
"GO": -12.0,
"BO": -20.0,
"AO": 0.0
},
"F": {
"ACF": {
"BRT": 12.0,
"CT": 16.0,
"SAT": 0.0,
"H": -7.0
}
}
}
}
]
},
{
"I": 77,
"DU": 1,
"E": [
{
"SI": {
"SN": "the lamp",
"IN": "",
"ST": "MC",
"TRP": {
"x": 1001.1,
"y": -314.6
},
"M3D": [
0.9940643310546875,
0.10089111328125,
0.0,
0.0,
-0.10089111328125,
0.9940643310546875,
0.0,
0.0,
0.0,
0.0,
1.0,
0.0,
-833.4,
-154.7,
0.0,
1.0
],
"C": {
"M": "AD",
"RM": 1.0,
"GM": 1.0,
"BM": 1.0,
"AM": 1.0,
"RO": -8.0,
"GO": -12.0,
"BO": -20.0,
"AO": 0.0
},
"F": {
"ACF": {
"BRT": 12.0,
"CT": 16.0,
"SAT": 0.0,
"H": -7.0
}
}
}
}
]
},
{
"I": 78,
"DU": 1,
"E": [
{
"SI": {
"SN": "the lamp",
"IN": "",
"ST": "MC",
"TRP": {
"x": 1001.15,
"y": -314.55
},
"M3D": [
0.99285888671875,
0.1122894287109375,
0.0,
0.0,
-0.1122894287109375,
0.99285888671875,
0.0,
0.0,
0.0,
0.0,
1.0,
0.0,
-835.8,
-166.5,
0.0,
1.0
],
"C": {
"M": "AD",
"RM": 1.0,
"GM": 1.0,
"BM": 1.0,
"AM": 1.0,
"RO": -8.0,
"GO": -12.0,
"BO": -20.0,
"AO": 0.0
},
"F": {
"ACF": {
"BRT": 12.0,
"CT": 16.0,
"SAT": 0.0,
"H": -7.0
}
}
}
}
]
},
{
"I": 79,
"DU": 1,
"E": [
{
"SI": {
"SN": "the lamp",
"IN": "",
"ST": "MC",
"TRP": {
"x": 1001.1,
"y": -314.55
},
"M3D": [
0.9916229248046875,
0.122894287109375,
0.0,
0.0,
-0.122894287109375,
0.9916229248046875,
0.0,
0.0,
0.0,
0.0,
1.0,
0.0,
-837.9,
-177.5,
0.0,
1.0
],
"C": {
"M": "AD",
"RM": 1.0,
"GM": 1.0,
"BM": 1.0,
"AM": 1.0,
"RO": -8.0,
"GO": -12.0,
"BO": -20.0,
"AO": 0.0
},
"F": {
"ACF": {
"BRT": 12.0,
"CT": 16.0,
"SAT": 0.0,
"H": -7.0
}
}
}
}
]
},
{
"I": 80,
"DU": 1,
"E": [
{
"SI": {
"SN": "the lamp",
"IN": "",
"ST": "MC",
"TRP": {
"x": 1001.15,
"y": -314.55
},
"M3D": [
0.9903717041015625,
0.1326904296875,
0.0,
0.0,
-0.1326904296875,
0.9903717041015625,
0.0,
0.0,
0.0,
0.0,
1.0,
0.0,
-839.8,
-187.7,
0.0,
1.0
],
"C": {
"M": "AD",
"RM": 1.0,
"GM": 1.0,
"BM": 1.0,
"AM": 1.0,
"RO": -8.0,
"GO": -12.0,
"BO": -20.0,
"AO": 0.0
},
"F": {
"ACF": {
"BRT": 12.0,
"CT": 16.0,
"SAT": 0.0,
"H": -7.0
}
}
}
}
]
},
{
"I": 81,
"DU": 1,
"E": [
{
"SI": {
"SN": "the lamp",
"IN": "",
"ST": "MC",
"TRP": {
"x": 1001.15,
"y": -314.6
},
"M3D": [
0.9891357421875,
0.141693115234375,
0.0,
0.0,
-0.141693115234375,
0.9891357421875,
0.0,
0.0,
0.0,
0.0,
1.0,
0.0,
-841.35,
-197.1,
0.0,
1.0
],
"C": {
"M": "AD",
"RM": 1.0,
"GM": 1.0,
"BM": 1.0,
"AM": 1.0,
"RO": -8.0,
"GO": -12.0,
"BO": -20.0,
"AO": 0.0
},
"F": {
"ACF": {
"BRT": 12.0,
"CT": 16.0,
"SAT": 0.0,
"H": -7.0
}
}
}
}
]
},
{
"I": 82,
"DU": 1,
"E": [
{
"SI": {
"SN": "the lamp",
"IN": "",
"ST": "MC",
"TRP": {
"x": 1001.1,
"y": -314.6
},
"M3D": [
0.987945556640625,
0.14990234375,
0.0,
0.0,
-0.14990234375,
0.987945556640625,
0.0,
0.0,
0.0,
0.0,
1.0,
0.0,
-842.75,
-205.7,
0.0,
1.0
],
"C": {
"M": "AD",
"RM": 1.0,
"GM": 1.0,
"BM": 1.0,
"AM": 1.0,
"RO": -8.0,
"GO": -12.0,
"BO": -20.0,
"AO": 0.0
},
"F": {
"ACF": {
"BRT": 12.0,
"CT": 16.0,
"SAT": 0.0,
"H": -7.0
}
}
}
}
]
},
{
"I": 83,
"DU": 1,
"E": [
{
"SI": {
"SN": "the lamp",
"IN": "",
"ST": "MC",
"TRP": {
"x": 1001.1,
"y": -314.55
},
"M3D": [
0.9868011474609375,
0.1573333740234375,
0.0,
0.0,
-0.1573333740234375,
0.9868011474609375,
0.0,
0.0,
0.0,
0.0,
1.0,
0.0,
-843.9,
-213.5,
0.0,
1.0
],
"C": {
"M": "AD",
"RM": 1.0,
"GM": 1.0,
"BM": 1.0,
"AM": 1.0,
"RO": -8.0,
"GO": -12.0,
"BO": -20.0,
"AO": 0.0
},
"F": {
"ACF": {
"BRT": 12.0,
"CT": 16.0,
"SAT": 0.0,
"H": -7.0
}
}
}
}
]
},
{
"I": 84,
"DU": 1,
"E": [
{
"SI": {
"SN": "the lamp",
"IN": "",
"ST": "MC",
"TRP": {
"x": 1001.15,
"y": -314.6
},
"M3D": [
0.9857330322265625,
0.164031982421875,
0.0,
0.0,
-0.164031982421875,
0.9857330322265625,
0.0,
0.0,
0.0,
0.0,
1.0,
0.0,
-844.95,
-220.55,
0.0,
1.0
],
"C": {
"M": "AD",
"RM": 1.0,
"GM": 1.0,
"BM": 1.0,
"AM": 1.0,
"RO": -8.0,
"GO": -12.0,
"BO": -20.0,
"AO": 0.0
},
"F": {
"ACF": {
"BRT": 12.0,
"CT": 16.0,
"SAT": 0.0,
"H": -7.0
}
}
}
}
]
},
{
"I": 85,
"DU": 1,
"E": [
{
"SI": {
"SN": "the lamp",
"IN": "",
"ST": "MC",
"TRP": {
"x": 1001.1,
"y": -314.6
},
"M3D": [
0.984710693359375,
0.1699981689453125,
0.0,
0.0,
-0.1699981689453125,
0.984710693359375,
0.0,
0.0,
0.0,
0.0,
1.0,
0.0,
-845.8,
-226.85,
0.0,
1.0
],
"C": {
"M": "AD",
"RM": 1.0,
"GM": 1.0,
"BM": 1.0,
"AM": 1.0,
"RO": -8.0,
"GO": -12.0,
"BO": -20.0,
"AO": 0.0
},
"F": {
"ACF": {
"BRT": 12.0,
"CT": 16.0,
"SAT": 0.0,
"H": -7.0
}
}
}
}
]
},
{
"I": 86,
"DU": 1,
"E": [
{
"SI": {
"SN": "the lamp",
"IN": "",
"ST": "MC",
"TRP": {
"x": 1001.1,
"y": -314.55
},
"M3D": [
0.9838104248046875,
0.1752777099609375,
0.0,
0.0,
-0.1752777099609375,
0.9838104248046875,
0.0,
0.0,
0.0,
0.0,
1.0,
0.0,
-846.55,
-232.45,
0.0,
1.0
],
"C": {
"M": "AD",
"RM": 1.0,
"GM": 1.0,
"BM": 1.0,
"AM": 1.0,
"RO": -8.0,
"GO": -12.0,
"BO": -20.0,
"AO": 0.0
},
"F": {
"ACF": {
"BRT": 12.0,
"CT": 16.0,
"SAT": 0.0,
"H": -7.0
}
}
}
}
]
},
{
"I": 87,
"DU": 1,
"E": [
{
"SI": {
"SN": "the lamp",
"IN": "",
"ST": "MC",
"TRP": {
"x": 1001.1,
"y": -314.6
},
"M3D": [
0.9829864501953125,
0.179901123046875,
0.0,
0.0,
-0.179901123046875,
0.9829864501953125,
0.0,
0.0,
0.0,
0.0,
1.0,
0.0,
-847.15,
-237.3,
0.0,
1.0
],
"C": {
"M": "AD",
"RM": 1.0,
"GM": 1.0,
"BM": 1.0,
"AM": 1.0,
"RO": -8.0,
"GO": -12.0,
"BO": -20.0,
"AO": 0.0
},
"F": {
"ACF": {
"BRT": 12.0,
"CT": 16.0,
"SAT": 0.0,
"H": -7.0
}
}
}
}
]
},
{
"I": 88,
"DU": 1,
"E": [
{
"SI": {
"SN": "the lamp",
"IN": "",
"ST": "MC",
"TRP": {
"x": 1001.1,
