{
"AN": {
"N": "OOGA BOOGEY BG",
"SN": "lamp light blend mode",
"TL": {
"L": [
{
"LN": "light_flicker",
"FR": [
{
"I": 0,
"DU": 1,
"E": [
{
"SI": {
"SN": "light flicker",
"IN": "",
"ST": "MC",
"TRP": {
"x": 1001.1,
"y": -314.55
},
"M3D": [
0.9801025390625,
0.1952972412109375,
0.0,
0.0,
-0.1952972412109375,
0.9801025390625,
0.0,
0.0,
0.0,
0.0,
1.0,
0.0,
-849.2,
-253.6,
0.0,
1.0
]
}
}
]
},
{
"I": 1,
"DU": 1,
"E": [
{
"SI": {
"SN": "light flicker",
"IN": "",
"ST": "MC",
"TRP": {
"x": 1001.1,
"y": -314.6
},
"M3D": [
0.9802093505859375,
0.1944427490234375,
0.0,
0.0,
-0.1944427490234375,
0.9802093505859375,
0.0,
0.0,
0.0,
0.0,
1.0,
0.0,
-849.0,
-252.75,
0.0,
1.0
],
"C": {
"M": "CA",
"AM": 0.55859375
}
}
}
]
},
{
"I": 2,
"DU": 1,
"E": [
{
"SI": {
"SN": "light flicker",
"IN": "",
"ST": "MC",
"TRP": {
"x": 1001.0500000000001,
"y": -314.65000000000006
},
"M3D": [
0.98046875,
0.1929931640625,
0.0,
0.0,
-0.1929931640625,
0.98046875,
0.0,
0.0,
0.0,
0.0,
1.0,
0.0,
-848.8,
-251.3,
0.0,
1.0
],
"C": {
"M": "CA",
"AM": 0.55859375
}
}
}
]
},
{
"I": 3,
"DU": 1,
"E": [
{
"SI": {
"SN": "light flicker",
"IN": "",
"ST": "MC",
"TRP": {
"x": 1001.0500000000001,
"y": -314.65000000000006
},
"M3D": [
0.9808349609375,
0.190948486328125,
0.0,
0.0,
-0.190948486328125,
0.9808349609375,
0.0,
0.0,
0.0,
0.0,
1.0,
0.0,
-848.45,
-249.15,
0.0,
1.0
],
"C": {
"M": "CA",
"AM": 0.80859375
}
}
}
]
},
{
"I": 4,
"DU": 1,
"E": [
{
"SI": {
"SN": "light flicker",
"IN": "",
"ST": "MC",
"TRP": {
"x": 1001.0500000000001,
"y": -314.70000000000007
},
"M3D": [
0.9813232421875,
0.188262939453125,
0.0,
0.0,
-0.188262939453125,
0.9813232421875,
0.0,
0.0,
0.0,
0.0,
1.0,
0.0,
-848.1,
-246.3,
0.0,
1.0
],
"C": {
"M": "CA",
"AM": 0.80859375
}
}
}
]
},
{
"I": 5,
"DU": 1,
"E": [
{
"SI": {
"SN": "light flicker",
"IN": "",
"ST": "MC",
"TRP": {
"x": 1001.0,
"y": -314.75
},
"M3D": [
0.9819183349609375,
0.18487548828125,
0.0,
0.0,
-0.18487548828125,
0.9819183349609375,
0.0,
0.0,
0.0,
0.0,
1.0,
0.0,
-847.6,
-242.75,
0.0,
1.0
],
"C": {
"M": "CA",
"AM": 0.37890625
}
}
}
]
},
{
"I": 6,
"DU": 1,
"E": [
{
"SI": {
"SN": "light flicker",
"IN": "",
"ST": "MC",
"TRP": {
"x": 1001.0,
"y": -314.75
},
"M3D": [
0.9826507568359375,
0.1807708740234375,
0.0,
0.0,
-0.1807708740234375,
0.9826507568359375,
0.0,
0.0,
0.0,
0.0,
1.0,
0.0,
-846.95,
-238.45,
0.0,
1.0
],
"C": {
"M": "CA",
"AM": 0.37890625
}
}
}
]
},
{
"I": 7,
"DU": 1,
"E": [
{
"SI": {
"SN": "light flicker",
"IN": "",
"ST": "MC",
"TRP": {
"x": 1001.0,
"y": -314.8
},
"M3D": [
0.9835205078125,
0.1758880615234375,
0.0,
0.0,
-0.1758880615234375,
0.9835205078125,
0.0,
0.0,
0.0,
0.0,
1.0,
0.0,
-846.2,
-233.3,
0.0,
1.0
]
}
}
]
},
{
"I": 8,
"DU": 1,
"E": [
{
"SI": {
"SN": "light flicker",
"IN": "",
"ST": "MC",
"TRP": {
"x": 1001.0,
"y": -314.8
},
"M3D": [
0.9844970703125,
0.17022705078125,
0.0,
0.0,
-0.17022705078125,
0.9844970703125,
0.0,
0.0,
0.0,
0.0,
1.0,
0.0,
-845.3,
-227.3,
0.0,
1.0
]
}
}
]
},
{
"I": 9,
"DU": 1,
"E": [
{
"SI": {
"SN": "light flicker",
"IN": "",
"ST": "MC",
"TRP": {
"x": 1001.0,
"y": -314.85
},
"M3D": [
0.985565185546875,
0.163726806640625,
0.0,
0.0,
-0.163726806640625,
0.985565185546875,
0.0,
0.0,
0.0,
0.0,
1.0,
0.0,
-844.25,
-220.45,
0.0,
1.0
],
"C": {
"M": "CA",
"AM": 0.421875
}
}
}
]
},
{
"I": 10,
"DU": 1,
"E": [
{
"SI": {
"SN": "light flicker",
"IN": "",
"ST": "MC",
"TRP": {
"x": 1001.0,
"y": -314.85
},
"M3D": [
0.9867401123046875,
0.1563720703125,
0.0,
0.0,
-0.1563720703125,
0.9867401123046875,
0.0,
0.0,
0.0,
0.0,
1.0,
0.0,
-843.05,
-212.75,
0.0,
1.0
],
"C": {
"M": "CA",
"AM": 0.421875
}
}
}
]
},
{
"I": 11,
"DU": 1,
"E": [
{
"SI": {
"SN": "light flicker",
"IN": "",
"ST": "MC",
"TRP": {
"x": 1000.95,
"y": -314.85
},
"M3D": [
0.98797607421875,
0.148162841796875,
0.0,
0.0,
-0.148162841796875,
0.98797607421875,
0.0,
0.0,
0.0,
0.0,
1.0,
0.0,
-841.6,
-204.15,
0.0,
1.0
],
"C": {
"M": "CA",
"AM": 0.69921875
}
}
}
]
},
{
"I": 12,
"DU": 1,
"E": [
{
"SI": {
"SN": "light flicker",
"IN": "",
"ST": "MC",
"TRP": {
"x": 1000.95,
"y": -314.90000000000006
},
"M3D": [
0.98931884765625,
0.1390380859375,
0.0,
0.0,
-0.1390380859375,
0.98931884765625,
0.0,
0.0,
0.0,
0.0,
1.0,
0.0,
-840.05,
-194.6,
0.0,
1.0
],
"C": {
"M": "CA",
"AM": 0.69921875
}
}
}
]
},
{
"I": 13,
"DU": 1,
"E": [
{
"SI": {
"SN": "light flicker",
"IN": "",
"ST": "MC",
"TRP": {
"x": 1000.95,
"y": -315.0
},
"M3D": [
0.99066162109375,
0.1290130615234375,
0.0,
0.0,
-0.1290130615234375,
0.99066162109375,
0.0,
0.0,
0.0,
0.0,
1.0,
0.0,
-838.2,
-184.2,
0.0,
1.0
],
"C": {
"M": "CA",
"AM": 0.44921875
}
}
}
]
},
{
"I": 14,
"DU": 1,
"E": [
{
"SI": {
"SN": "light flicker",
"IN": "",
"ST": "MC",
"TRP": {
"x": 1000.9000000000001,
"y": -314.95
},
"M3D": [
0.9920501708984375,
0.1180877685546875,
0.0,
0.0,
-0.1180877685546875,
0.9920501708984375,
0.0,
0.0,
0.0,
0.0,
1.0,
0.0,
-836.1,
-172.85,
0.0,
1.0
],
"C": {
"M": "CA",
"AM": 0.44921875
}
}
}
]
},
{
"I": 15,
"DU": 1,
"E": [
{
"SI": {
"SN": "light flicker",
"IN": "",
"ST": "MC",
"TRP": {
"x": 1000.95,
"y": -314.90000000000006
},
"M3D": [
0.993408203125,
0.10626220703125,
0.0,
0.0,
-0.10626220703125,
0.993408203125,
0.0,
0.0,
0.0,
0.0,
1.0,
0.0,
-833.7,
-160.6,
0.0,
1.0
]
}
}
]
},
{
"I": 16,
"DU": 1,
"E": [
{
"SI": {
"SN": "light flicker",
"IN": "",
"ST": "MC",
"TRP": {
"x": 1000.9000000000001,
"y": -315.0
},
"M3D": [
0.99468994140625,
0.0936431884765625,
0.0,
0.0,
-0.0936431884765625,
0.99468994140625,
0.0,
0.0,
0.0,
0.0,
1.0,
0.0,
-831.0,
-147.5,
0.0,
1.0
]
}
}
]
},
{
"I": 17,
"DU": 1,
"E": [
{
"SI": {
"SN": "light flicker",
"IN": "",
"ST": "MC",
"TRP": {
"x": 1000.95,
"y": -315.0
},
"M3D": [
0.995849609375,
0.0802001953125,
0.0,
0.0,
-0.0802001953125,
0.995849609375,
0.0,
0.0,
0.0,
0.0,
1.0,
0.0,
-827.9,
-133.65,
0.0,
1.0
]
}
}
]
},
{
"I": 18,
"DU": 1,
"E": [
{
"SI": {
"SN": "light flicker",
"IN": "",
"ST": "MC",
"TRP": {
"x": 1000.95,
"y": -315.1
},
"M3D": [
0.9969329833984375,
0.0660552978515625,
0.0,
0.0,
-0.0660552978515625,
0.9969329833984375,
0.0,
0.0,
0.0,
0.0,
1.0,
0.0,
-824.5,
-119.1,
0.0,
1.0
]
}
}
]
},
{
"I": 19,
"DU": 1,
"E": [
{
"SI": {
"SN": "light flicker",
"IN": "",
"ST": "MC",
"TRP": {
"x": 1001.0,
"y": -315.1
},
"M3D": [
0.997833251953125,
0.0513153076171875,
0.0,
0.0,
-0.0513153076171875,
0.997833251953125,
0.0,
0.0,
0.0,
0.0,
1.0,
0.0,
-820.75,
-104.1,
0.0,
1.0
]
}
}
]
},
{
"I": 20,
"DU": 1,
"E": [
{
"SI": {
"SN": "light flicker",
"IN": "",
"ST": "MC",
"TRP": {
"x": 1001.0500000000001,
"y": -315.1
},
"M3D": [
0.99853515625,
0.036102294921875,
0.0,
0.0,
-0.036102294921875,
0.99853515625,
0.0,
0.0,
0.0,
0.0,
1.0,
0.0,
-816.65,
-88.55,
0.0,
1.0
]
}
}
]
},
{
"I": 21,
"DU": 1,
"E": [
{
"SI": {
"SN": "light flicker",
"IN": "",
"ST": "MC",
"TRP": {
"x": 1001.0,
"y": -315.1
},
"M3D": [
0.9990081787109375,
0.02056884765625,
0.0,
0.0,
-0.02056884765625,
0.9990081787109375,
0.0,
0.0,
0.0,
0.0,
1.0,
0.0,
-812.25,
-72.85,
0.0,
1.0
]
}
}
]
},
{
"I": 22,
"DU": 1,
"E": [
{
"SI": {
"SN": "light flicker",
"IN": "",
"ST": "MC",
"TRP": {
"x": 1001.0,
"y": -315.1
},
"M3D": [
0.9992523193359375,
0.004852294921875,
0.0,
0.0,
-0.004852294921875,
0.9992523193359375,
0.0,
0.0,
0.0,
0.0,
1.0,
0.0,
-807.55,
-57.05,
0.0,
1.0
]
}
}
]
},
{
"I": 23,
"DU": 1,
"E": [
{
"SI": {
"SN": "light flicker",
"IN": "",
"ST": "MC",
"TRP": {
"x": 1000.95,
"y": -315.15000000000006
},
"M3D": [
0.999237060546875,
-0.01080322265625,
0.0,
0.0,
0.01080322265625,
0.999237060546875,
0.0,
0.0,
0.0,
0.0,
1.0,
0.0,
-802.6,
-41.3,
0.0,
1.0
]
}
}
]
},
{
"I": 24,
"DU": 1,
"E": [
{
"SI": {
"SN": "light flicker",
"IN": "",
"ST": "MC",
"TRP": {
"x": 1000.95,
"y": -315.15000000000006
},
"M3D": [
0.998992919921875,
-0.0263214111328125,
0.0,
0.0,
0.0263214111328125,
0.998992919921875,
0.0,
0.0,
0.0,
0.0,
1.0,
0.0,
-797.4,
-25.8,
0.0,
1.0
]
}
}
]
},
{
"I": 25,
"DU": 1,
"E": [
{
"SI": {
"SN": "light flicker",
"IN": "",
"ST": "MC",
"TRP": {
"x": 1000.9000000000001,
"y": -315.20000000000007
},
"M3D": [
0.998504638671875,
-0.0414886474609375,
0.0,
0.0,
0.0414886474609375,
0.998504638671875,
0.0,
0.0,
0.0,
0.0,
1.0,
0.0,
-792.15,
-10.75,
0.0,
1.0
]
}
}
]
},
{
"I": 26,
"DU": 1,
"E": [
{
"SI": {
"SN": "light flicker",
"IN": "",
"ST": "MC",
"TRP": {
"x": 1000.95,
"y": -315.1
},
"M3D": [
0.9978485107421875,
-0.0561981201171875,
0.0,
0.0,
0.0561981201171875,
0.9978485107421875,
0.0,
0.0,
0.0,
0.0,
1.0,
0.0,
-786.9,
3.75,
0.0,
1.0
]
}
}
]
},
{
"I": 27,
"DU": 1,
"E": [
{
"SI": {
"SN": "light flicker",
"IN": "",
"ST": "MC",
"TRP": {
"x": 1001.0,
"y": -315.20000000000007
},
"M3D": [
0.9969940185546875,
-0.0703277587890625,
0.0,
0.0,
0.0703277587890625,
0.9969940185546875,
0.0,
0.0,
0.0,
0.0,
1.0,
0.0,
-781.65,
17.6,
0.0,
1.0
]
}
}
]
},
{
"I": 28,
"DU": 1,
"E": [
{
"SI": {
"SN": "light flicker",
"IN": "",
"ST": "MC",
"TRP": {
"x": 1000.95,
"y": -315.15000000000006
},
"M3D": [
0.9960174560546875,
-0.0838165283203125,
0.0,
0.0,
0.0838165283203125,
0.9960174560546875,
0.0,
0.0,
0.0,
0.0,
1.0,
0.0,
-776.45,
30.8,
0.0,
1.0
]
}
}
]
},
{
"I": 29,
"DU": 1,
"E": [
{
"SI": {
"SN": "light flicker",
"IN": "",
"ST": "MC",
"TRP": {
"x": 1000.95,
"y": -315.20000000000007
},
"M3D": [
0.994873046875,
-0.096527099609375,
0.0,
0.0,
0.096527099609375,
0.994873046875,
0.0,
0.0,
0.0,
0.0,
1.0,
0.0,
-771.4,
43.15,
0.0,
1.0
]
}
}
]
},
{
"I": 30,
"DU": 1,
"E": [
{
"SI": {
"SN": "light flicker",
"IN": "",
"ST": "MC",
"TRP": {
"x": 1000.95,
"y": -315.25
},
"M3D": [
0.9936981201171875,
-0.10845947265625,
0.0,
0.0,
0.10845947265625,
0.9936981201171875,
0.0,
0.0,
0.0,
0.0,
1.0,
0.0,
-766.45,
54.8,
0.0,
1.0
]
}
}
]
},
{
"I": 31,
"DU": 1,
"E": [
{
"SI": {
"SN": "light flicker",
"IN": "",
"ST": "MC",
"TRP": {
"x": 1000.95,
"y": -315.20000000000007
},
"M3D": [
0.992431640625,
-0.11956787109375,
0.0,
0.0,
0.11956787109375,
0.992431640625,
0.0,
0.0,
0.0,
0.0,
1.0,
0.0,
-761.8,
65.6,
0.0,
1.0
]
}
}
]
},
{
"I": 32,
"DU": 1,
"E": [
{
"SI": {
"SN": "light flicker",
"IN": "",
"ST": "MC",
"TRP": {
"x": 1000.95,
"y": -315.20000000000007
},
"M3D": [
0.99114990234375,
-0.12982177734375,
0.0,
0.0,
0.12982177734375,
0.99114990234375,
0.0,
0.0,
0.0,
0.0,
1.0,
0.0,
-757.25,
75.45,
0.0,
1.0
]
}
}
]
},
{
"I": 33,
"DU": 1,
"E": [
{
"SI": {
"SN": "light flicker",
"IN": "",
"ST": "MC",
"TRP": {
"x": 1000.8000000000001,
"y": -315.15000000000006
},
"M3D": [
0.9899139404296875,
-0.139251708984375,
0.0,
0.0,
0.139251708984375,
0.9899139404296875,
0.0,
0.0,
0.0,
0.0,
1.0,
0.0,
-753.0,
84.5,
0.0,
1.0
]
}
}
]
},
{
"I": 34,
"DU": 1,
"E": [
{
"SI": {
"SN": "light flicker",
"IN": "",
"ST": "MC",
"TRP": {
"x": 1000.85,
"y": -315.15000000000006
},
"M3D": [
0.9886932373046875,
-0.1478271484375,
0.0,
0.0,
0.1478271484375,
0.9886932373046875,
0.0,
0.0,
0.0,
0.0,
1.0,
0.0,
-749.05,
92.75,
0.0,
1.0
]
}
}
]
},
{
"I": 35,
"DU": 1,
"E": [
{
"SI": {
"SN": "light flicker",
"IN": "",
"ST": "MC",
"TRP": {
"x": 1000.8000000000001,
"y": -315.15000000000006
},
"M3D": [
0.987518310546875,
-0.1556243896484375,
0.0,
0.0,
0.1556243896484375,
0.987518310546875,
0.0,
0.0,
0.0,
0.0,
1.0,
0.0,
-745.45,
100.15,
0.0,
1.0
]
}
}
]
},
{
"I": 36,
"DU": 1,
"E": [
{
"SI": {
"SN": "light flicker",
"IN": "",
"ST": "MC",
"TRP": {
"x": 1000.7,
"y": -315.15000000000006
},
"M3D": [
0.9864349365234375,
-0.162628173828125,
0.0,
0.0,
0.162628173828125,
0.9864349365234375,
0.0,
0.0,
0.0,
0.0,
1.0,
0.0,
-742.2,
106.85,
0.0,
1.0
]
}
}
]
},
{
"I": 37,
"DU": 1,
"E": [
{
"SI": {
"SN": "light flicker",
"IN": "",
"ST": "MC",
"TRP": {
"x": 1000.75,
"y": -315.15000000000006
},
"M3D": [
0.98541259765625,
-0.1688690185546875,
0.0,
0.0,
0.1688690185546875,
0.98541259765625,
0.0,
0.0,
0.0,
0.0,
1.0,
0.0,
-739.25,
112.8,
0.0,
1.0
]
}
}
]
},
{
"I": 38,
"DU": 1,
"E": [
{
"SI": {
"SN": "light flicker",
"IN": "",
"ST": "MC",
"TRP": {
"x": 1000.75,
"y": -315.15000000000006
},
"M3D": [
0.9844818115234375,
-0.17437744140625,
0.0,
0.0,
0.17437744140625,
0.9844818115234375,
0.0,
0.0,
0.0,
0.0,
1.0,
0.0,
-736.55,
118.0,
0.0,
1.0
]
}
}
]
},
{
"I": 39,
"DU": 1,
"E": [
{
"SI": {
"SN": "light flicker",
"IN": "",
"ST": "MC",
"TRP": {
"x": 1000.75,
"y": -315.1
},
"M3D": [
0.983642578125,
-0.17919921875,
0.0,
0.0,
0.17919921875,
0.983642578125,
0.0,
0.0,
0.0,
0.0,
1.0,
0.0,
-734.25,
122.65,
0.0,
1.0
]
}
}
]
},
{
"I": 40,
"DU": 1,
"E": [
{
"SI": {
"SN": "light flicker",
"IN": "",
"ST": "MC",
"TRP": {
"x": 1000.7,
"y": -315.15000000000006
},
"M3D": [
0.9828948974609375,
-0.183349609375,
0.0,
0.0,
0.183349609375,
0.9828948974609375,
0.0,
0.0,
0.0,
0.0,
1.0,
0.0,
-732.15,
126.65,
0.0,
1.0
]
}
}
]
},
{
"I": 41,
"DU": 1,
"E": [
{
"SI": {
"SN": "light flicker",
"IN": "",
"ST": "MC",
"TRP": {
"x": 1000.65,
"y": -315.1
},
"M3D": [
0.98223876953125,
-0.1868896484375,
0.0,
0.0,
0.1868896484375,
0.98223876953125,
0.0,
0.0,
0.0,
0.0,
1.0,
0.0,
-730.4,
130.0,
0.0,
1.0
]
}
}
]
},
{
"I": 42,
"DU": 1,
"E": [
{
"SI": {
"SN": "light flicker",
"IN": "",
"ST": "MC",
"TRP": {
"x": 1000.6,
"y": -315.05
},
"M3D": [
0.981719970703125,
-0.189788818359375,
0.0,
0.0,
0.189788818359375,
0.981719970703125,
0.0,
0.0,
0.0,
0.0,
1.0,
0.0,
-728.95,
132.75,
0.0,
1.0
]
}
}
]
},
{
"I": 43,
"DU": 1,
"E": [
{
"SI": {
"SN": "light flicker",
"IN": "",
"ST": "MC",
"TRP": {
"x": 1000.5500000000001,
"y": -315.05
},
"M3D": [
0.9813079833984375,
-0.192138671875,
0.0,
0.0,
0.192138671875,
0.9813079833984375,
0.0,
0.0,
0.0,
0.0,
1.0,
0.0,
-727.8,
134.95,
0.0,
1.0
]
}
}
]
},
{
"I": 44,
"DU": 1,
"E": [
{
"SI": {
"SN": "light flicker",
"IN": "",
"ST": "MC",
"TRP": {
"x": 1000.5500000000001,
"y": -315.0
},
"M3D": [
0.98095703125,
-0.193939208984375,
0.0,
0.0,
0.193939208984375,
0.98095703125,
0.0,
0.0,
0.0,
0.0,
1.0,
0.0,
-726.95,
136.65,
0.0,
1.0
]
}
}
]
},
{
"I": 45,
"DU": 1,
"E": [
{
"SI": {
"SN": "light flicker",
"IN": "",
"ST": "MC",
"TRP": {
"x": 1001.0500000000001,
"y": -314.5
},
"M3D": [
0.9807586669921875,
-0.195220947265625,
0.0,
0.0,
0.195220947265625,
0.9807586669921875,
0.0,
0.0,
0.0,
0.0,
1.0,
0.0,
-727.0,
137.5,
0.0,
1.0
]
}
}
]
},
{
"I": 46,
"DU": 1,
"E": [
{
"SI": {
"SN": "light flicker",
"IN": "",
"ST": "MC",
"TRP": {
"x": 1001.0500000000001,
"y": -314.5
},
"M3D": [
0.9807586669921875,
-0.195220947265625,
0.0,
0.0,
0.195220947265625,
0.9807586669921875,
0.0,
0.0,
0.0,
0.0,
1.0,
0.0,
-727.0,
137.5,
0.0,
1.0
]
}
}
]
},
{
"I": 47,
"DU": 1,
"E": [
{
"SI": {
"SN": "light flicker",
"IN": "",
"ST": "MC",
"TRP": {
"x": 1001.0500000000001,
"y": -314.5
},
"M3D": [
0.9807586669921875,
-0.195220947265625,
0.0,
0.0,
0.195220947265625,
0.9807586669921875,
0.0,
0.0,
0.0,
0.0,
1.0,
0.0,
-727.0,
137.5,
0.0,
1.0
]
}
}
]
},
{
"I": 48,
"DU": 1,
"E": [
{
"SI": {
"SN": "light flicker",
"IN": "",
"ST": "MC",
"TRP": {
"x": 1001.0500000000001,
"y": -314.45
},
"M3D": [
0.98089599609375,
-0.19439697265625,
0.0,
0.0,
0.19439697265625,
0.98089599609375,
0.0,
0.0,
0.0,
0.0,
1.0,
0.0,
-727.4,
136.65,
0.0,
1.0
]
}
}
]
},
{
"I": 49,
"DU": 1,
"E": [
{
"SI": {
"SN": "light flicker",
"IN": "",
"ST": "MC",
"TRP": {
"x": 1001.0,
"y": -314.40000000000006
},
"M3D": [
0.98114013671875,
-0.1929931640625,
0.0,
0.0,
0.1929931640625,
0.98114013671875,
0.0,
0.0,
0.0,
0.0,
1.0,
0.0,
-728.05,
135.3,
0.0,
1.0
]
}
}
]
},
{
"I": 50,
"DU": 1,
"E": [
{
"SI": {
"SN": "light flicker",
"IN": "",
"ST": "MC",
"TRP": {
"x": 1001.0,
"y": -314.5
},
"M3D": [
0.98150634765625,
-0.1910400390625,
0.0,
0.0,
0.1910400390625,
0.98150634765625,
0.0,
0.0,
0.0,
0.0,
1.0,
0.0,
-729.0,
133.3,
0.0,
1.0
]
}
}
]
},
{
"I": 51,
"DU": 1,
"E": [
{
"SI": {
"SN": "light flicker",
"IN": "",
"ST": "MC",
"TRP": {
"x": 1000.95,
"y": -314.5
},
"M3D": [
0.9819793701171875,
-0.188446044921875,
0.0,
0.0,
0.188446044921875,
0.9819793701171875,
0.0,
0.0,
0.0,
0.0,
1.0,
0.0,
-730.25,
130.75,
0.0,
1.0
]
}
}
]
},
{
"I": 52,
"DU": 1,
"E": [
{
"SI": {
"SN": "light flicker",
"IN": "",
"ST": "MC",
"TRP": {
"x": 1000.95,
"y": -314.45
},
"M3D": [
0.982574462890625,
-0.185211181640625,
0.0,
0.0,
0.185211181640625,
0.982574462890625,
0.0,
0.0,
0.0,
0.0,
1.0,
0.0,
-731.8,
127.65,
0.0,
1.0
]
}
}
]
},
{
"I": 53,
"DU": 1,
"E": [
{
"SI": {
"SN": "light flicker",
"IN": "",
"ST": "MC",
"TRP": {
"x": 1000.9000000000001,
"y": -314.5
},
"M3D": [
0.9832611083984375,
-0.1812744140625,
0.0,
0.0,
0.1812744140625,
0.9832611083984375,
0.0,
0.0,
0.0,
0.0,
1.0,
0.0,
-733.65,
123.85,
0.0,
1.0
]
}
}
]
},
{
"I": 54,
"DU": 1,
"E": [
{
"SI": {
"SN": "light flicker",
"IN": "",
"ST": "MC",
"TRP": {
"x": 1000.9000000000001,
"y": -314.5
},
"M3D": [
0.98406982421875,
-0.176605224609375,
0.0,
0.0,
0.176605224609375,
0.98406982421875,
0.0,
0.0,
0.0,
0.0,
1.0,
0.0,
-735.85,
119.4,
0.0,
1.0
]
}
}
]
},
{
"I": 55,
"DU": 1,
"E": [
{
"SI": {
"SN": "light flicker",
"IN": "",
"ST": "MC",
"TRP": {
"x": 1000.95,
"y": -314.55
},
"M3D": [
0.985015869140625,
-0.17120361328125,
0.0,
0.0,
0.17120361328125,
0.985015869140625,
0.0,
0.0,
0.0,
0.0,
1.0,
0.0,
-738.45,
114.25,
0.0,
1.0
]
}
}
]
},
{
"I": 56,
"DU": 1,
"E": [
{
"SI": {
"SN": "light flicker",
"IN": "",
"ST": "MC",
"TRP": {
"x": 1000.95,
"y": -314.5
},
"M3D": [
0.98602294921875,
-0.1650238037109375,
0.0,
0.0,
0.1650238037109375,
0.98602294921875,
0.0,
0.0,
0.0,
0.0,
1.0,
0.0,
-741.35,
108.35,
0.0,
1.0
]
}
}
]
},
{
"I": 57,
"DU": 1,
"E": [
{
"SI": {
"SN": "light flicker",
"IN": "",
"ST": "MC",
"TRP": {
"x": 1000.85,
"y": -314.55
},
"M3D": [
0.987152099609375,
-0.1580047607421875,
0.0,
0.0,
0.1580047607421875,
0.987152099609375,
0.0,
0.0,
0.0,
0.0,
1.0,
0.0,
-744.6,
101.6,
0.0,
1.0
]
}
}
]
},
{
"I": 58,
"DU": 1,
"E": [
{
"SI": {
"SN": "light flicker",
"IN": "",
"ST": "MC",
"TRP": {
"x": 1000.8000000000001,
"y": -314.45
},
"M3D": [
0.988311767578125,
-0.150177001953125,
0.0,
0.0,
0.150177001953125,
0.988311767578125,
0.0,
0.0,
0.0,
0.0,
1.0,
0.0,
-748.1,
94.1,
0.0,
1.0
]
}
}
]
},
{
"I": 59,
"DU": 1,
"E": [
{
"SI": {
"SN": "light flicker",
"IN": "",
"ST": "MC",
"TRP": {
"x": 1000.85,
"y": -314.55
},
"M3D": [
0.98956298828125,
-0.1414794921875,
0.0,
0.0,
0.1414794921875,
0.98956298828125,
0.0,
0.0,
0.0,
0.0,
1.0,
0.0,
-752.0,
85.7,
0.0,
1.0
]
}
}
]
},
{
"I": 60,
"DU": 1,
"E": [
{
"SI": {
"SN": "light flicker",
"IN": "",
"ST": "MC",
"TRP": {
"x": 1000.9000000000001,
"y": -314.6
},
"M3D": [
0.9908447265625,
-0.131927490234375,
0.0,
0.0,
0.131927490234375,
0.9908447265625,
0.0,
0.0,
0.0,
0.0,
1.0,
0.0,
-756.25,
76.5,
0.0,
1.0
]
}
}
]
},
{
"I": 61,
"DU": 1,
"E": [
{
"SI": {
"SN": "light flicker",
"IN": "",
"ST": "MC",
"TRP": {
"x": 1000.9000000000001,
"y": -314.55
},
"M3D": [
0.992156982421875,
-0.121490478515625,
0.0,
0.0,
0.121490478515625,
0.992156982421875,
0.0,
0.0,
0.0,
0.0,
1.0,
0.0,
-760.85,
66.5,
0.0,
1.0
]
}
}
]
},
{
"I": 62,
"DU": 1,
"E": [
{
"SI": {
"SN": "light flicker",
"IN": "",
"ST": "MC",
"TRP": {
"x": 1000.9000000000001,
"y": -314.55
},
"M3D": [
0.993438720703125,
-0.1102142333984375,
0.0,
0.0,
0.1102142333984375,
0.993438720703125,
0.0,
0.0,
0.0,
0.0,
1.0,
0.0,
-765.6,
55.65,
0.0,
1.0
]
}
}
]
},
{
"I": 63,
"DU": 1,
"E": [
{
"SI": {
"SN": "light flicker",
"IN": "",
"ST": "MC",
"TRP": {
"x": 1000.8000000000001,
"y": -314.5
},
"M3D": [
0.994659423828125,
-0.0980987548828125,
0.0,
0.0,
0.0980987548828125,
0.994659423828125,
0.0,
0.0,
0.0,
0.0,
1.0,
0.0,
-770.6,
43.9,
0.0,
1.0
]
}
}
]
},
{
"I": 64,
"DU": 1,
"E": [
{
"SI": {
"SN": "light flicker",
"IN": "",
"ST": "MC",
"TRP": {
"x": 1000.8000000000001,
"y": -314.5
},
"M3D": [
0.9958343505859375,
-0.0852203369140625,
0.0,
0.0,
0.0852203369140625,
0.9958343505859375,
0.0,
0.0,
0.0,
0.0,
1.0,
0.0,
-775.75,
31.35,
0.0,
1.0
]
}
}
]
},
{
"I": 65,
"DU": 1,
"E": [
{
"SI": {
"SN": "light flicker",
"IN": "",
"ST": "MC",
"TRP": {
"x": 1000.75,
"y": -314.5
},
"M3D": [
0.99688720703125,
-0.071624755859375,
0.0,
0.0,
0.071624755859375,
0.99688720703125,
0.0,
0.0,
0.0,
0.0,
1.0,
0.0,
-781.05,
18.05,
0.0,
1.0
]
}
}
]
},
{
"I": 66,
"DU": 1,
"E": [
{
"SI": {
"SN": "light flicker",
"IN": "",
"ST": "MC",
"TRP": {
"x": 1000.8000000000001,
"y": -314.45
},
"M3D": [
0.997772216796875,
-0.0574188232421875,
0.0,
0.0,
0.0574188232421875,
0.997772216796875,
0.0,
0.0,
0.0,
0.0,
1.0,
0.0,
-786.4,
4.1,
0.0,
1.0
]
}
}
]
},
{
"I": 67,
"DU": 1,
"E": [
{
"SI": {
"SN": "light flicker",
"IN": "",
"ST": "MC",
"TRP": {
"x": 1000.8000000000001,
"y": -314.6
},
"M3D": [
0.998504638671875,
-0.042694091796875,
0.0,
0.0,
0.042694091796875,
0.998504638671875,
0.0,
0.0,
0.0,
0.0,
1.0,
0.0,
-791.75,
-10.3,
0.0,
1.0
]
}
}
]
},
{
"I": 68,
"DU": 1,
"E": [
{
"SI": {
"SN": "light flicker",
"IN": "",
"ST": "MC",
"TRP": {
"x": 1000.75,
"y": -314.55
},
"M3D": [
0.9990234375,
-0.027618408203125,
0.0,
0.0,
0.027618408203125,
0.9990234375,
0.0,
0.0,
0.0,
0.0,
1.0,
0.0,
-797.0,
-25.2,
0.0,
1.0
]
}
}
]
},
{
"I": 69,
"DU": 1,
"E": [
{
"SI": {
"SN": "light flicker",
"IN": "",
"ST": "MC",
"TRP": {
"x": 1000.8000000000001,
"y": -314.6
},
"M3D": [
0.999298095703125,
-0.0123138427734375,
0.0,
0.0,
0.0123138427734375,
0.999298095703125,
0.0,
0.0,
0.0,
0.0,
1.0,
0.0,
-802.1,
-40.4,
0.0,
1.0
]
}
}
]
},
{
"I": 70,
"DU": 1,
"E": [
{
"SI": {
"SN": "light flicker",
"IN": "",
"ST": "MC",
"TRP": {
"x": 1000.7,
"y": -314.70000000000007
},
"M3D": [
0.9993438720703125,
0.003021240234375,
0.0,
0.0,
-0.003021240234375,
0.9993438720703125,
0.0,
0.0,
0.0,
0.0,
1.0,
0.0,
-807.0,
-55.75,
0.0,
1.0
]
}
}
]
},
{
"I": 71,
"DU": 1,
"E": [
{
"SI": {
"SN": "light flicker",
"IN": "",
"ST": "MC",
"TRP": {
"x": 1000.65,
"y": -314.70000000000007
},
"M3D": [
0.9991302490234375,
0.018310546875,
0.0,
0.0,
-0.018310546875,
0.9991302490234375,
0.0,
0.0,
0.0,
0.0,
1.0,
0.0,
-811.55,
-71.0,
0.0,
1.0
]
}
}
]
},
{
"I": 72,
"DU": 1,
"E": [
{
"SI": {
"SN": "light flicker",
"IN": "",
"ST": "MC",
"TRP": {
"x": 1000.75,
"y": -314.70000000000007
},
"M3D": [
0.99871826171875,
0.0333404541015625,
0.0,
0.0,
-0.0333404541015625,
0.99871826171875,
0.0,
0.0,
0.0,
0.0,
1.0,
0.0,
-815.85,
-86.2,
0.0,
1.0
]
}
}
]
},
{
"I": 73,
"DU": 1,
"E": [
{
"SI": {
"SN": "light flicker",
"IN": "",
"ST": "MC",
"TRP": {
"x": 1000.7,
"y": -314.75
},
"M3D": [
0.99810791015625,
0.048004150390625,
0.0,
0.0,
-0.048004150390625,
0.99810791015625,
0.0,
0.0,
0.0,
0.0,
1.0,
0.0,
-819.85,
-101.05,
0.0,
1.0
]
}
}
]
},
{
"I": 74,
"DU": 1,
"E": [
{
"SI": {
"SN": "light flicker",
"IN": "",
"ST": "MC",
"TRP": {
"x": 1000.7,
"y": -314.75
},
"M3D": [
0.9972991943359375,
0.0621795654296875,
0.0,
0.0,
-0.0621795654296875,
0.9972991943359375,
0.0,
0.0,
0.0,
0.0,
1.0,
0.0,
-823.5,
-115.4,
0.0,
1.0
]
}
}
]
},
{
"I": 75,
"DU": 1,
"E": [
{
"SI": {
"SN": "light flicker",
"IN": "",
"ST": "MC",
"TRP": {
"x": 1000.75,
"y": -314.75
},
"M3D": [
0.996337890625,
0.075775146484375,
0.0,
0.0,
-0.075775146484375,
0.996337890625,
0.0,
0.0,
0.0,
0.0,
1.0,
0.0,
-826.8,
-129.25,
0.0,
1.0
]
}
}
]
},
{
"I": 76,
"DU": 1,
"E": [
{
"SI": {
"SN": "light flicker",
"IN": "",
"ST": "MC",
"TRP": {
"x": 1000.65,
"y": -314.75
},
"M3D": [
0.995269775390625,
0.0886688232421875,
0.0,
0.0,
-0.0886688232421875,
0.995269775390625,
0.0,
0.0,
0.0,
0.0,
1.0,
0.0,
-829.8,
-142.45,
0.0,
1.0
]
}
}
]
},
{
"I": 77,
"DU": 1,
"E": [
{
"SI": {
"SN": "light flicker",
"IN": "",
"ST": "MC",
"TRP": {
"x": 1000.7,
"y": -314.8
},
"M3D": [
0.994110107421875,
0.100830078125,
0.0,
0.0,
-0.100830078125,
0.994110107421875,
0.0,
0.0,
0.0,
0.0,
1.0,
0.0,
-832.55,
-154.9,
0.0,
1.0
]
}
}
]
},
{
"I": 78,
"DU": 1,
"E": [
{
"SI": {
"SN": "light flicker",
"IN": "",
"ST": "MC",
"TRP": {
"x": 1000.75,
"y": -314.85
},
"M3D": [
0.992889404296875,
0.1122283935546875,
0.0,
0.0,
-0.1122283935546875,
0.992889404296875,
0.0,
0.0,
0.0,
0.0,
1.0,
0.0,
-834.95,
-166.65,
0.0,
1.0
]
}
}
]
},
{
"I": 79,
"DU": 1,
"E": [
{
"SI": {
"SN": "light flicker",
"IN": "",
"ST": "MC",
"TRP": {
"x": 1000.75,
"y": -314.75
},
"M3D": [
0.991607666015625,
0.122833251953125,
0.0,
0.0,
-0.122833251953125,
0.991607666015625,
0.0,
0.0,
0.0,
0.0,
1.0,
0.0,
-837.0,
-177.65,
0.0,
1.0
]
}
}
]
},
{
"I": 80,
"DU": 1,
"E": [
{
"SI": {
"SN": "light flicker",
"IN": "",
"ST": "MC",
"TRP": {
"x": 1000.8000000000001,
"y": -314.90000000000006
},
"M3D": [
0.9903411865234375,
0.13262939453125,
0.0,
0.0,
-0.13262939453125,
0.9903411865234375,
0.0,
0.0,
0.0,
0.0,
1.0,
0.0,
-838.85,
-187.9,
0.0,
1.0
]
}
}
]
},
{
"I": 81,
"DU": 1,
"E": [
{
"SI": {
"SN": "light flicker",
"IN": "",
"ST": "MC",
"TRP": {
"x": 1000.8000000000001,
"y": -314.95
},
"M3D": [
0.989105224609375,
0.1416473388671875,
0.0,
0.0,
-0.1416473388671875,
0.989105224609375,
0.0,
0.0,
0.0,
0.0,
1.0,
0.0,
-840.5,
-197.15,
0.0,
1.0
]
}
}
]
},
{
"I": 82,
"DU": 1,
"E": [
{
"SI": {
"SN": "light flicker",
"IN": "",
"ST": "MC",
"TRP": {
"x": 1000.75,
"y": -315.0
},
"M3D": [
0.987884521484375,
0.149871826171875,
0.0,
0.0,
-0.149871826171875,
0.987884521484375,
0.0,
0.0,
0.0,
0.0,
1.0,
0.0,
-841.9,
-205.65,
0.0,
1.0
]
}
}
]
},
{
"I": 83,
"DU": 1,
"E": [
{
"SI": {
"SN": "light flicker",
"IN": "",
"ST": "MC",
"TRP": {
"x": 1000.7,
"y": -315.05
},
"M3D": [
0.986724853515625,
0.15728759765625,
0.0,
0.0,
-0.15728759765625,
0.986724853515625,
0.0,
0.0,
0.0,
0.0,
1.0,
0.0,
-843.1,
-213.4,
0.0,
1.0
]
}
}
]
},
{
"I": 84,
"DU": 1,
"E": [
{
"SI": {
"SN": "light flicker",
"IN": "",
"ST": "MC",
"TRP": {
"x": 1000.7,
"y": -315.1
},
"M3D": [
0.985626220703125,
0.16400146484375,
0.0,
0.0,
-0.16400146484375,
0.985626220703125,
0.0,
0.0,
0.0,
0.0,
1.0,
0.0,
-844.1,
-220.4,
0.0,
1.0
]
}
}
]
},
{
"I": 85,
"DU": 1,
"E": [
{
"SI": {
"SN": "light flicker",
"IN": "",
"ST": "MC",
"TRP": {
"x": 1000.7,
"y": -315.15000000000006
},
"M3D": [
0.9846038818359375,
0.16998291015625,
0.0,
0.0,
-0.16998291015625,
0.9846038818359375,
0.0,
0.0,
0.0,
0.0,
1.0,
0.0,
-845.0,
-226.65,
0.0,
1.0
]
}
}
]
},
{
"I": 86,
"DU": 1,
"E": [
{
"SI": {
"SN": "light flicker",
"IN": "",
"ST": "MC",
"TRP": {
"x": 1000.6,
"y": -315.1
},
"M3D": [
0.983673095703125,
0.175262451171875,
0.0,
0.0,
-0.175262451171875,
0.983673095703125,
0.0,
0.0,
0.0,
0.0,
1.0,
0.0,
-845.75,
-232.15,
0.0,
1.0
],
"C": {
"M": "CA",
"AM": 0.7109375
}
}
}
]
},
{
"I": 87,
"DU": 1,
"E": [
{
"SI": {
"SN": "light flicker",
"IN": "",
"ST": "MC",
"TRP": {
"x": 1000.6,
"y": -315.15000000000006
},
"M3D": [
0.98284912109375,
0.17987060546875,
0.0,
0.0,
-0.17987060546875,
0.98284912109375,
0.0,
0.0,
0.0,
0.0,
1.0,
0.0,
-846.4,
-237.0,
0.0,
1.0
],
"C": {
"M": "CA",
"AM": 0.7109375
}
}
}
]
},
{
"I": 88,
"DU": 1,
"E": [
{
"SI": {
"SN": "light flicker",
"IN": "",
"ST": "MC",
"TRP": {
"x": 1000.6,
"y": -315.15000000000006
},
"M3D": [
0.982147216796875,
0.183837890625,
0.0,
0.0,
-0.183837890625,
0.982147216796875,
0.0,
0.0,
0.0,
0.0,
1.0,
0.0,
-847.05,
-241.1,
0.0,
1.0
],
"C": {
"M": "CA",
"AM": 0.87109375
}
}
}
]
},
{
"I": 89,
"DU": 1,
"E": [
{
"SI": {
"SN": "light flicker",
"IN": "",
"ST": "MC",
"TRP": {
"x": 1000.5,
"y": -315.20000000000007
},
"M3D": [
0.98150634765625,
0.1872406005859375,
0.0,
0.0,
-0.1872406005859375,
0.98150634765625,
0.0,
0.0,
0.0,
0.0,
1.0,
0.0,
-847.5,
-244.65,
0.0,
1.0
],
"C": {
"M": "CA",
"AM": 0.87109375
}
}
}
]
},
{
"I": 90,
"DU": 1,
"E": [
{
"SI": {
"SN": "light flicker",
"IN": "",
"ST": "MC",
"TRP": {
"x": 1000.6,
"y": -315.20000000000007
},
"M3D": [
0.980987548828125,
0.190032958984375,
0.0,
0.0,
-0.190032958984375,
0.980987548828125,
0.0,
0.0,
0.0,
0.0,
1.0,
0.0,
-847.85,
-247.5,
0.0,
1.0
],
"C": {
"M": "CA",
"AM": 0.51953125
}
}
}
]
},
{
"I": 91,
"DU": 1,
"E": [
{
"SI": {
"SN": "light flicker",
"IN": "",
"ST": "MC",
"TRP": {
"x": 1000.5500000000001,
"y": -315.20000000000007
},
"M3D": [
0.9805755615234375,
0.1922607421875,
0.0,
0.0,
-0.1922607421875,
0.9805755615234375,
0.0,
0.0,
0.0,
0.0,
1.0,
0.0,
-848.2,
-249.8,
0.0,
1.0
],
"C": {
"M": "CA",
"AM": 0.51953125
}
}
}
]
},
{
"I": 92,
"DU": 1,
"E": [
{
"SI": {
"SN": "light flicker",
"IN": "",
"ST": "MC",
"TRP": {
"x": 1000.5500000000001,
"y": -315.25
},
"M3D": [
0.980255126953125,
0.19403076171875,
0.0,
0.0,
-0.19403076171875,
0.980255126953125,
0.0,
0.0,
0.0,
0.0,
1.0,
0.0,
-848.45,
-251.65,
0.0,
1.0
]
}
}
]
},
{
"I": 93,
"DU": 1,
"E": [
{
"SI": {
"SN": "light flicker",
"IN": "",
"ST": "MC",
"TRP": {
"x": 1001.0500000000001,
"y": -314.5
},
"M3D": [
0.9801025390625,
0.1952972412109375,
0.0,
0.0,
-0.1952972412109375,
0.9801025390625,
0.0,
0.0,
0.0,
0.0,
1.0,
0.0,
-849.15,
-253.65,
0.0,
1.0
]
}
}
]
},
{
"I": 94,
"DU": 1,
"E": [
{
"SI": {
"SN": "light flicker",
"IN": "",
"ST": "MC",
"TRP": {
"x": 1001.0500000000001,
"y": -314.5
},
"M3D": [
0.9801025390625,
0.1952972412109375,
0.0,
0.0,
-0.1952972412109375,
0.9801025390625,
0.0,
0.0,
0.0,
0.0,
1.0,
0.0,
-849.15,
-253.65,
0.0,
1.0
]
}
}
]
},
{
"I": 95,
"DU": 1,
"E": [
{
"SI": {
"SN": "light flicker",
"IN": "",
"ST": "MC",
"TRP": {
"x": 1001.0500000000001,
"y": -314.5
},
"M3D": [
0.9801025390625,
0.1952972412109375,
0.0,
0.0,
-0.1952972412109375,
0.9801025390625,
0.0,
0.0,
0.0,
0.0,
1.0,
0.0,
-849.15,
-253.65,
0.0,
1.0
]
}
}
]
},
{
"I": 96,
"DU": 1,
"E": [
{
"SI": {
"SN": "light flicker",
"IN": "",
"ST": "MC",
"TRP": {
"x": 1001.0500000000001,
"y": -314.55
},
"M3D": [
0.980224609375,
0.19439697265625,
0.0,
0.0,
-0.19439697265625,
0.980224609375,
0.0,
0.0,
0.0,
0.0,
1.0,
0.0,
-848.95,
-252.7,
0.0,
1.0
]
}
}
]
},
{
"I": 97,
"DU": 1,
"E": [
{
"SI": {
"SN": "light flicker",
"IN": "",
"ST": "MC",
"TRP": {
"x": 1001.0500000000001,
"y": -314.55
},
"M3D": [
0.9805145263671875,
0.1928558349609375,
0.0,
0.0,
-0.1928558349609375,
0.9805145263671875,
0.0,
0.0,
0.0,
0.0,
1.0,
0.0,
-848.7,
-251.1,
0.0,
1.0
]
}
}
]
},
{
"I": 98,
"DU": 1,
"E": [
{
"SI": {
"SN": "light flicker",
"IN": "",
"ST": "MC",
"TRP": {
"x": 1000.95,
"y": -314.6
},
"M3D": [
0.980926513671875,
0.19061279296875,
0.0,
0.0,
-0.19061279296875,
0.980926513671875,
0.0,
0.0,
0.0,
0.0,
1.0,
0.0,
-848.4,
-248.8,
0.0,
1.0
]
}
}
]
},
{
"I": 99,
"DU": 1,
"E": [
{
"SI": {
"SN": "light flicker",
"IN": "",
"ST": "MC",
"TRP": {
"x": 1001.0,
"y": -314.65000000000006
},
"M3D": [
0.9814453125,
0.18768310546875,
0.0,
0.0,
-0.18768310546875,
0.9814453125,
0.0,
0.0,
0.0,
0.0,
1.0,
0.0,
-847.95,
-245.75,
0.0,
1.0
]
}
}
]
},
{
"I": 100,
"DU": 1,
"E": [
{
"SI": {
"SN": "light flicker",
"IN": "",
"ST": "MC",
"TRP": {
"x": 1000.95,
"y": -314.70000000000007
},
"M3D": [
0.98211669921875,
0.183990478515625,
0.0,
0.0,
-0.183990478515625,
0.98211669921875,
0.0,
0.0,
0.0,
0.0,
1.0,
0.0,
-847.4,
-241.85,
0.0,
1.0
]
}
}
]
},
{
"I": 101,
"DU": 1,
"E": [
{
"SI": {
"SN": "light flicker",
"IN": "",
"ST": "MC",
"TRP": {
"x": 1000.85,
"y": -314.70000000000007
},
"M3D": [
0.98291015625,
0.179473876953125,
0.0,
0.0,
-0.179473876953125,
0.98291015625,
0.0,
0.0,
0.0,
0.0,
1.0,
0.0,
-846.75,
-237.15,
0.0,
1.0
]
}
}
]
},
{
"I": 102,
"DU": 1,
"E": [
{
"SI": {
"SN": "light flicker",
"IN": "",
"ST": "MC",
"TRP": {
"x": 1000.9000000000001,
"y": -314.70000000000007
},
"M3D": [
0.983856201171875,
0.1741180419921875,
0.0,
0.0,
-0.1741180419921875,
0.983856201171875,
0.0,
0.0,
0.0,
0.0,
1.0,
0.0,
-845.9,
-231.45,
0.0,
1.0
]
}
}
]
},
{
"I": 103,
"DU": 1,
"E": [
{
"SI": {
"SN": "light flicker",
"IN": "",
"ST": "MC",
"TRP": {
"x": 1000.85,
"y": -314.75
},
"M3D": [
0.98492431640625,
0.16790771484375,
0.0,
0.0,
-0.16790771484375,
0.98492431640625,
0.0,
0.0,
0.0,
0.0,
1.0,
0.0,
-844.95,
-224.95,
0.0,
1.0
]
}
}
]
},
{
"I": 104,
"DU": 1,
"E": [
{
"SI": {
"SN": "light flicker",
"IN": "",
"ST": "MC",
"TRP": {
"x": 1000.85,
"y": -314.75
},
"M3D": [
0.986083984375,
0.1607666015625,
0.0,
0.0,
-0.1607666015625,
0.986083984375,
0.0,
0.0,
0.0,
0.0,
1.0,
0.0,
-843.75,
-217.4,
0.0,
1.0
]
}
}
]
},
{
"I": 105,
"DU": 1,
"E": [
{
"SI": {
"SN": "light flicker",
"IN": "",
"ST": "MC",
"TRP": {
"x": 1000.85,
"y": -314.70000000000007
},
"M3D": [
0.98736572265625,
0.1527099609375,
0.0,
0.0,
-0.1527099609375,
0.98736572265625,
0.0,
0.0,
0.0,
0.0,
1.0,
0.0,
-842.35,
-208.95,
0.0,
1.0
]
}
}
]
},
{
"I": 106,
"DU": 1,
"E": [
{
"SI": {
"SN": "light flicker",
"IN": "",
"ST": "MC",
"TRP": {
"x": 1000.8000000000001,
"y": -314.75
},
"M3D": [
0.9886474609375,
0.1436614990234375,
0.0,
0.0,
-0.1436614990234375,
0.9886474609375,
0.0,
0.0,
0.0,
0.0,
1.0,
0.0,
-840.75,
-199.55,
0.0,
1.0
]
}
}
]
},
{
"I": 107,
"DU": 1,
"E": [
{
"SI": {
"SN": "light flicker",
"IN": "",
"ST": "MC",
"TRP": {
"x": 1000.8000000000001,
"y": -314.8
},
"M3D": [
0.99005126953125,
0.13360595703125,
0.0,
0.0,
-0.13360595703125,
0.99005126953125,
0.0,
0.0,
0.0,
0.0,
1.0,
0.0,
-838.9,
-189.1,
0.0,
1.0
]
}
}
]
},
{
"I": 108,
"DU": 1,
"E": [
{
"SI": {
"SN": "light flicker",
"IN": "",
"ST": "MC",
"TRP": {
"x": 1000.8000000000001,
"y": -314.8
},
"M3D": [
0.991455078125,
0.1225433349609375,
0.0,
0.0,
-0.1225433349609375,
0.991455078125,
0.0,
0.0,
0.0,
0.0,
1.0,
0.0,
-836.75,
-177.6,
0.0,
1.0
]
}
}
]
},
{
"I": 109,
"DU": 1,
"E": [
{
"SI": {
"SN": "light flicker",
"IN": "",
"ST": "MC",
"TRP": {
"x": 1000.8000000000001,
"y": -314.75
},
"M3D": [
0.9928436279296875,
0.1105194091796875,
0.0,
0.0,
-0.1105194091796875,
0.9928436279296875,
0.0,
0.0,
0.0,
0.0,
1.0,
0.0,
-834.35,
-165.1,
0.0,
1.0
]
}
}
]
},
{
"I": 110,
"DU": 1,
"E": [
{
"SI": {
"SN": "light flicker",
"IN": "",
"ST": "MC",
"TRP": {
"x": 1000.75,
"y": -314.85
},
"M3D": [
0.994171142578125,
0.0975494384765625,
0.0,
0.0,
-0.0975494384765625,
0.994171142578125,
0.0,
0.0,
0.0,
0.0,
1.0,
0.0,
-831.55,
-151.65,
0.0,
1.0
]
}
}
]
},
{
"I": 111,
"DU": 1,
"E": [
{
"SI": {
"SN": "light flicker",
"IN": "",
"ST": "MC",
"TRP": {
"x": 1000.8000000000001,
"y": -314.85
},
"M3D": [
0.99542236328125,
0.0836944580078125,
0.0,
0.0,
-0.0836944580078125,
0.99542236328125,
0.0,
0.0,
0.0,
0.0,
1.0,
0.0,
-828.4,
-137.3,
0.0,
1.0
]
}
}
]
},
{
"I": 112,
"DU": 1,
"E": [
{
"SI": {
"SN": "light flicker",
"IN": "",
"ST": "MC",
"TRP": {
"x": 1000.75,
"y": -314.8
},
"M3D": [
0.9965667724609375,
0.0690460205078125,
0.0,
0.0,
-0.0690460205078125,
0.9965667724609375,
0.0,
0.0,
0.0,
0.0,
1.0,
0.0,
-824.9,
-122.25,
0.0,
1.0
]
}
}
]
},
{
"I": 113,
"DU": 1,
"E": [
{
"SI": {
"SN": "light flicker",
"IN": "",
"ST": "MC",
"TRP": {
"x": 1000.75,
"y": -314.8
},
"M3D": [
0.997528076171875,
0.053741455078125,
0.0,
0.0,
-0.053741455078125,
0.997528076171875,
0.0,
0.0,
0.0,
0.0,
1.0,
0.0,
-821.05,
-106.6,
0.0,
1.0
]
}
}
]
},
{
"I": 114,
"DU": 1,
"E": [
{
"SI": {
"SN": "light flicker",
"IN": "",
"ST": "MC",
"TRP": {
"x": 1000.75,
"y": -314.85
},
"M3D": [
0.9982757568359375,
0.0378875732421875,
0.0,
0.0,
-0.0378875732421875,
0.9982757568359375,
0.0,
0.0,
0.0,
0.0,
1.0,
0.0,
-816.8,
-90.45,
0.0,
1.0
]
}
}
]
},
{
"I": 115,
"DU": 1,
"E": [
{
"SI": {
"SN": "light flicker",
"IN": "",
"ST": "MC",
"TRP": {
"x": 1000.75,
"y": -314.90000000000006
},
"M3D": [
0.9987640380859375,
0.021636962890625,
0.0,
0.0,
-0.021636962890625,
0.9987640380859375,
0.0,
0.0,
0.0,
0.0,
1.0,
0.0,
-812.15,
-74.05,
0.0,
1.0
]
}
}
]
},
{
"I": 116,
"DU": 1,
"E": [
{
"SI": {
"SN": "light flicker",
"IN": "",
"ST": "MC",
"TRP": {
"x": 1000.85,
"y": -314.85
},
"M3D": [
0.9990081787109375,
0.0052337646484375,
0.0,
0.0,
-0.0052337646484375,
0.9990081787109375,
0.0,
0.0,
0.0,
0.0,
1.0,
0.0,
-807.2,
-57.55,
0.0,
1.0
]
}
}
]
},
{
"I": 117,
"DU": 1,
"E": [
{
"SI": {
"SN": "light flicker",
"IN": "",
"ST": "MC",
"TRP": {
"x": 1000.8000000000001,
"y": -314.95
},
"M3D": [
0.99896240234375,
-0.011138916015625,
0.0,
0.0,
0.011138916015625,
0.99896240234375,
0.0,
0.0,
0.0,
0.0,
1.0,
0.0,
-802.0,
-41.15,
0.0,
1.0
]
}
}
]
},
{
"I": 118,
"DU": 1,
"E": [
{
"SI": {
"SN": "light flicker",
"IN": "",
"ST": "MC",
"TRP": {
"x": 1000.8000000000001,
"y": -314.90000000000006
},
"M3D": [
0.9986419677734375,
-0.0273590087890625,
0.0,
0.0,
0.0273590087890625,
0.9986419677734375,
0.0,
0.0,
0.0,
0.0,
1.0,
0.0,
-796.6,
-24.95,
0.0,
1.0
]
}
}
]
},
{
"I": 119,
"DU": 1,
"E": [
{
"SI": {
"SN": "light flicker",
"IN": "",
"ST": "MC",
"TRP": {
"x": 1000.8000000000001,
"y": -314.95
},
"M3D": [
0.998077392578125,
-0.0431976318359375,
0.0,
0.0,
0.0431976318359375,
0.998077392578125,
0.0,
0.0,
0.0,
0.0,
1.0,
0.0,
-791.05,
-9.25,
0.0,
1.0
]
}
}
]
},
{
"I": 120,
"DU": 1,
"E": [
{
"SI": {
"SN": "light flicker",
"IN": "",
"ST": "MC",
"TRP": {
"x": 1000.8000000000001,
"y": -314.95
},
"M3D": [
0.9972991943359375,
-0.0585174560546875,
0.0,
0.0,
0.0585174560546875,
0.9972991943359375,
0.0,
0.0,
0.0,
0.0,
1.0,
0.0,
-785.5,
5.85,
0.0,
1.0
]
}
}
]
},
{
"I": 121,
"DU": 1,
"E": [
{
"SI": {
"SN": "light flicker",
"IN": "",
"ST": "MC",
"TRP": {
"x": 1000.8000000000001,
"y": -314.90000000000006
},
"M3D": [
0.996337890625,
-0.0731964111328125,
0.0,
0.0,
0.0731964111328125,
0.996337890625,
0.0,
0.0,
0.0,
0.0,
1.0,
0.0,
-779.95,
20.25,
0.0,
1.0
]
}
}
]
},
{
"I": 122,
"DU": 1,
"E": [
{
"SI": {
"SN": "light flicker",
"IN": "",
"ST": "MC",
"TRP": {
"x": 1000.8000000000001,
"y": -314.85
},
"M3D": [
0.9952392578125,
-0.087127685546875,
0.0,
0.0,
0.087127685546875,
0.9952392578125,
0.0,
0.0,
0.0,
0.0,
1.0,
0.0,
-774.5,
33.8,
0.0,
1.0
]
}
}
]
},
{
"I": 123,
"DU": 1,
"E": [
{
"SI": {
"SN": "light flicker",
"IN": "",
"ST": "MC",
"TRP": {
"x": 1000.85,
"y": -314.85
},
"M3D": [
0.9940185546875,
-0.1002197265625,
0.0,
0.0,
0.1002197265625,
0.9940185546875,
0.0,
0.0,
0.0,
0.0,
1.0,
0.0,
-769.2,
46.5,
0.0,
1.0
]
}
}
]
},
{
"I": 124,
"DU": 1,
"E": [
{
"SI": {
"SN": "light flicker",
"IN": "",
"ST": "MC",
"TRP": {
"x": 1000.8000000000001,
"y": -314.85
},
"M3D": [
0.99273681640625,
-0.1124267578125,
0.0,
0.0,
0.1124267578125,
0.99273681640625,
0.0,
0.0,
0.0,
0.0,
1.0,
0.0,
-764.1,
58.25,
0.0,
1.0
]
}
}
]
},
{
"I": 125,
"DU": 1,
"E": [
{
"SI": {
"SN": "light flicker",
"IN": "",
"ST": "MC",
"TRP": {
"x": 1000.8000000000001,
"y": -314.90000000000006
},
"M3D": [
0.99139404296875,
-0.12371826171875,
0.0,
0.0,
0.12371826171875,
0.99139404296875,
0.0,
0.0,
0.0,
0.0,
1.0,
0.0,
-759.25,
69.15,
0.0,
1.0
]
}
}
]
},
{
"I": 126,
"DU": 1,
"E": [
{
"SI": {
"SN": "light flicker",
"IN": "",
"ST": "MC",
"TRP": {
"x": 1000.7,
"y": -314.90000000000006
},
"M3D": [
0.99005126953125,
-0.13409423828125,
0.0,
0.0,
0.13409423828125,
0.99005126953125,
0.0,
0.0,
0.0,
0.0,
1.0,
0.0,
-754.65,
79.15,
0.0,
1.0
]
}
}
]
},
{
"I": 127,
"DU": 1,
"E": [
{
"SI": {
"SN": "light flicker",
"IN": "",
"ST": "MC",
"TRP": {
"x": 1000.8000000000001,
"y": -314.90000000000006
},
"M3D": [
0.988739013671875,
-0.1435546875,
0.0,
0.0,
0.1435546875,
0.988739013671875,
0.0,
0.0,
0.0,
0.0,
1.0,
0.0,
-750.35,
88.2,
0.0,
1.0
]
}
}
]
},
{
"I": 128,
"DU": 1,
"E": [
{
"SI": {
"SN": "light flicker",
"IN": "",
"ST": "MC",
"TRP": {
"x": 1000.7,
"y": -315.0
},
"M3D": [
0.987457275390625,
-0.152130126953125,
0.0,
0.0,
0.152130126953125,
0.987457275390625,
0.0,
0.0,
0.0,
0.0,
1.0,
0.0,
-746.4,
96.35,
0.0,
1.0
]
}
}
]
},
{
"I": 129,
"DU": 1,
"E": [
{
"SI": {
"SN": "light flicker",
"IN": "",
"ST": "MC",
"TRP": {
"x": 1000.7,
"y": -314.95
},
"M3D": [
0.9862518310546875,
-0.1598358154296875,
0.0,
0.0,
0.1598358154296875,
0.9862518310546875,
0.0,
0.0,
0.0,
0.0,
1.0,
0.0,
-742.75,
103.7,
0.0,
1.0
]
}
}
]
},
{
"I": 130,
"DU": 1,
"E": [
{
"SI": {
"SN": "light flicker",
"IN": "",
"ST": "MC",
"TRP": {
"x": 1000.7,
"y": -315.0
},
"M3D": [
0.985107421875,
-0.1666717529296875,
0.0,
0.0,
0.1666717529296875,
0.985107421875,
0.0,
0.0,
0.0,
0.0,
1.0,
0.0,
-739.5,
110.25,
0.0,
1.0
]
}
}
]
},
{
"I": 131,
"DU": 1,
"E": [
{
"SI": {
"SN": "light flicker",
"IN": "",
"ST": "MC",
"TRP": {
"x": 1000.65,
"y": -314.90000000000006
},
"M3D": [
0.98406982421875,
-0.1727294921875,
0.0,
0.0,
0.1727294921875,
0.98406982421875,
0.0,
0.0,
0.0,
0.0,
1.0,
0.0,
-736.6,
116.05,
0.0,
1.0
]
}
}
]
},
{
"I": 132,
"DU": 1,
"E": [
{
"SI": {
"SN": "light flicker",
"IN": "",
"ST": "MC",
"TRP": {
"x": 1000.65,
"y": -314.90000000000006
},
"M3D": [
0.983184814453125,
-0.177978515625,
0.0,
0.0,
0.177978515625,
0.983184814453125,
0.0,
0.0,
0.0,
0.0,
1.0,
0.0,
-734.1,
120.95,
0.0,
1.0
]
}
}
]
},
{
"I": 133,
"DU": 1,
"E": [
{
"SI": {
"SN": "light flicker",
"IN": "",
"ST": "MC",
"TRP": {
"x": 1000.75,
"y": -314.85
},
"M3D": [
0.982391357421875,
-0.182525634765625,
0.0,
0.0,
0.182525634765625,
0.982391357421875,
0.0,
0.0,
0.0,
0.0,
1.0,
0.0,
-731.95,
125.3,
0.0,
1.0
]
}
}
]
},
{
"I": 134,
"DU": 1,
"E": [
{
"SI": {
"SN": "light flicker",
"IN": "",
"ST": "MC",
"TRP": {
"x": 1000.7,
"y": -314.8
},
"M3D": [
0.981689453125,
-0.1863250732421875,
0.0,
0.0,
0.1863250732421875,
0.981689453125,
0.0,
0.0,
0.0,
0.0,
1.0,
0.0,
-730.1,
128.9,
0.0,
1.0
]
}
}
]
},
{
"I": 135,
"DU": 1,
"E": [
{
"SI": {
"SN": "light flicker",
"IN": "",
"ST": "MC",
"TRP": {
"x": 1000.6,
"y": -314.75
},
"M3D": [
0.981109619140625,
-0.189483642578125,
