{
"AN": {
"N": "RESULTS GREAT spooky kids",
"STI": {
"SI": {
"SN": "candy",
"IN": "",
"ST": "G",
"FF": 0,
"LP": "LP",
"TRP": {
"x": 430.45,
"y": 311.15000000000006
},
"M3D": [
1.0,
0.0,
0.0,
0.0,
0.0,
1.0,
0.0,
0.0,
0.0,
0.0,
1.0,
0.0,
-14.45,
-275.95,
0.0,
1.0
]
}
},
"SN": "candy",
"TL": {
"L": [
{
"LN": "candy",
"FR": [
{
"I": 0,
"DU": 69,
"E": []
},
{
"I": 69,
"DU": 1,
"E": [
{
"SI": {
"SN": "thrown candy 2",
"IN": "",
"ST": "G",
"FF": 0,
"LP": "LP",
"TRP": {
"x": 114.7,
"y": 71.85000000000001
},
"M3D": [
-1.0,
0.0,
0.0,
0.0,
0.0,
1.0,
0.0,
0.0,
0.0,
0.0,
1.0,
0.0,
693.85,
19.15,
0.0,
1.0
]
}
}
]
},
{
"I": 70,
"DU": 1,
"E": [
{
"SI": {
"SN": "thrown candy 2",
"IN": "",
"ST": "G",
"FF": 1,
"LP": "LP",
"TRP": {
"x": 114.7,
"y": 71.85
},
"M3D": [
-1.0,
0.0,
0.0,
0.0,
0.0,
1.0,
0.0,
0.0,
0.0,
0.0,
1.0,
0.0,
693.85,
19.15,
0.0,
1.0
]
}
}
]
},
{
"I": 71,
"DU": 1,
"E": [
{
"SI": {
"SN": "thrown candy 2",
"IN": "",
"ST": "G",
"FF": 2,
"LP": "LP",
"TRP": {
"x": 114.7,
"y": 71.85
},
"M3D": [
-1.0,
0.0,
0.0,
0.0,
0.0,
1.0,
0.0,
0.0,
0.0,
0.0,
1.0,
0.0,
693.85,
19.15,
0.0,
1.0
]
}
}
]
},
{
"I": 72,
"DU": 1,
"E": [
{
"SI": {
"SN": "thrown candy 2",
"IN": "",
"ST": "G",
"FF": 3,
"LP": "LP",
"TRP": {
"x": 114.7,
"y": 71.85
},
"M3D": [
-1.0,
0.0,
0.0,
0.0,
0.0,
1.0,
0.0,
0.0,
0.0,
0.0,
1.0,
0.0,
693.85,
19.15,
0.0,
1.0
]
}
}
]
},
{
"I": 73,
"DU": 1,
"E": [
{
"SI": {
"SN": "thrown candy 2",
"IN": "",
"ST": "G",
"FF": 4,
"LP": "LP",
"TRP": {
"x": 114.7,
"y": 71.85
},
"M3D": [
-1.0,
0.0,
0.0,
0.0,
0.0,
1.0,
0.0,
0.0,
0.0,
0.0,
1.0,
0.0,
693.85,
19.15,
0.0,
1.0
]
}
}
]
},
{
"I": 74,
"DU": 1,
"E": [
{
"SI": {
"SN": "thrown candy 2",
"IN": "",
"ST": "G",
"FF": 5,
"LP": "LP",
"TRP": {
"x": 114.7,
"y": 71.85
},
"M3D": [
-1.0,
0.0,
0.0,
0.0,
0.0,
1.0,
0.0,
0.0,
0.0,
0.0,
1.0,
0.0,
693.85,
19.15,
0.0,
1.0
]
}
}
]
},
{
"N": "loop start",
"I": 75,
"DU": 1,
"E": [
{
"SI": {
"SN": "thrown candy",
"IN": "",
"ST": "G",
"FF": 0,
"LP": "PO",
"TRP": {
"x": 114.7,
"y": 71.85000000000001
},
"M3D": [
1.0,
0.0,
0.0,
0.0,
0.0,
1.0,
0.0,
0.0,
0.0,
0.0,
1.0,
0.0,
163.45,
19.15,
0.0,
1.0
]
}
},
{
"SI": {
"SN": "thrown candy 2",
"IN": "",
"ST": "G",
"FF": 6,
"LP": "PO",
"TRP": {
"x": 114.7,
"y": 71.85000000000001
},
"M3D": [
-1.0,
0.0,
0.0,
0.0,
0.0,
1.0,
0.0,
0.0,
0.0,
0.0,
1.0,
0.0,
693.85,
19.15,
0.0,
1.0
]
}
}
]
},
{
"I": 76,
"DU": 1,
"E": [
{
"SI": {
"SN": "thrown candy",
"IN": "",
"ST": "G",
"FF": 1,
"LP": "PO",
"TRP": {
"x": 114.7,
"y": 71.85
},
"M3D": [
1.0,
0.0,
0.0,
0.0,
0.0,
1.0,
0.0,
0.0,
0.0,
0.0,
1.0,
0.0,
163.45,
19.15,
0.0,
1.0
]
}
},
{
"SI": {
"SN": "thrown candy 2",
"IN": "",
"ST": "G",
"FF": 7,
"LP": "PO",
"TRP": {
"x": 114.7,
"y": 71.85
},
"M3D": [
-1.0,
0.0,
0.0,
0.0,
0.0,
1.0,
0.0,
0.0,
0.0,
0.0,
1.0,
0.0,
693.85,
19.15,
0.0,
1.0
]
}
}
]
},
{
"I": 77,
"DU": 1,
"E": [
{
"SI": {
"SN": "thrown candy",
"IN": "",
"ST": "G",
"FF": 2,
"LP": "PO",
"TRP": {
"x": 114.7,
"y": 71.85
},
"M3D": [
1.0,
0.0,
0.0,
0.0,
0.0,
1.0,
0.0,
0.0,
0.0,
0.0,
1.0,
0.0,
163.45,
19.15,
0.0,
1.0
]
}
},
{
"SI": {
"SN": "thrown candy 2",
"IN": "",
"ST": "G",
"FF": 8,
"LP": "PO",
"TRP": {
"x": 114.7,
"y": 71.85
},
"M3D": [
-1.0,
0.0,
0.0,
0.0,
0.0,
1.0,
0.0,
0.0,
0.0,
0.0,
1.0,
0.0,
693.85,
19.15,
0.0,
1.0
]
}
}
]
},
{
"I": 78,
"DU": 1,
"E": [
{
"SI": {
"SN": "thrown candy",
"IN": "",
"ST": "G",
"FF": 3,
"LP": "PO",
"TRP": {
"x": 114.7,
"y": 71.85
},
"M3D": [
1.0,
0.0,
0.0,
0.0,
0.0,
1.0,
0.0,
0.0,
0.0,
0.0,
1.0,
0.0,
163.45,
19.15,
0.0,
1.0
]
}
},
{
"SI": {
"SN": "thrown candy 2",
"IN": "",
"ST": "G",
"FF": 9,
"LP": "PO",
"TRP": {
"x": 114.7,
"y": 71.85
},
"M3D": [
-1.0,
0.0,
0.0,
0.0,
0.0,
1.0,
0.0,
0.0,
0.0,
0.0,
1.0,
0.0,
693.85,
19.15,
0.0,
1.0
]
}
}
]
},
{
"I": 79,
"DU": 1,
"E": [
{
"SI": {
"SN": "thrown candy",
"IN": "",
"ST": "G",
"FF": 4,
"LP": "PO",
"TRP": {
"x": 114.7,
"y": 71.85
},
"M3D": [
1.0,
0.0,
0.0,
0.0,
0.0,
1.0,
0.0,
0.0,
0.0,
0.0,
1.0,
0.0,
163.45,
19.15,
0.0,
1.0
]
}
},
{
"SI": {
"SN": "thrown candy 2",
"IN": "",
"ST": "G",
"FF": 10,
"LP": "PO",
"TRP": {
"x": 114.7,
"y": 71.85
},
"M3D": [
-1.0,
0.0,
0.0,
0.0,
0.0,
1.0,
0.0,
0.0,
0.0,
0.0,
1.0,
0.0,
693.85,
19.15,
0.0,
1.0
]
}
}
]
},
{
"I": 80,
"DU": 1,
"E": [
{
"SI": {
"SN": "thrown candy",
"IN": "",
"ST": "G",
"FF": 5,
"LP": "PO",
"TRP": {
"x": 114.7,
"y": 71.85
},
"M3D": [
1.0,
0.0,
0.0,
0.0,
0.0,
1.0,
0.0,
0.0,
0.0,
0.0,
1.0,
0.0,
163.45,
19.15,
0.0,
1.0
]
}
},
{
"SI": {
"SN": "thrown candy 2",
"IN": "",
"ST": "G",
"FF": 11,
"LP": "PO",
"TRP": {
"x": 114.7,
"y": 71.85
},
"M3D": [
-1.0,
0.0,
0.0,
0.0,
0.0,
1.0,
0.0,
0.0,
0.0,
0.0,
1.0,
0.0,
693.85,
19.15,
0.0,
1.0
]
}
}
]
},
{
"I": 81,
"DU": 1,
"E": [
{
"SI": {
"SN": "thrown candy",
"IN": "",
"ST": "G",
"FF": 6,
"LP": "PO",
"TRP": {
"x": 114.7,
"y": 71.85
},
"M3D": [
1.0,
0.0,
0.0,
0.0,
0.0,
1.0,
0.0,
0.0,
0.0,
0.0,
1.0,
0.0,
163.45,
19.15,
0.0,
1.0
]
}
},
{
"SI": {
"SN": "thrown candy 2",
"IN": "",
"ST": "G",
"FF": 12,
"LP": "PO",
"TRP": {
"x": 114.7,
"y": 71.85
},
"M3D": [
-1.0,
0.0,
0.0,
0.0,
0.0,
1.0,
0.0,
0.0,
0.0,
0.0,
1.0,
0.0,
693.85,
19.15,
0.0,
1.0
]
}
}
]
},
{
"I": 82,
"DU": 1,
"E": [
{
"SI": {
"SN": "thrown candy",
"IN": "",
"ST": "G",
"FF": 7,
"LP": "PO",
"TRP": {
"x": 114.7,
"y": 71.85
},
"M3D": [
1.0,
0.0,
0.0,
0.0,
0.0,
1.0,
0.0,
0.0,
0.0,
0.0,
1.0,
0.0,
163.45,
19.15,
0.0,
1.0
]
}
},
{
"SI": {
"SN": "thrown candy 2",
"IN": "",
"ST": "G",
"FF": 13,
"LP": "PO",
"TRP": {
"x": 114.7,
"y": 71.85
},
"M3D": [
-1.0,
0.0,
0.0,
0.0,
0.0,
1.0,
0.0,
0.0,
0.0,
0.0,
1.0,
0.0,
693.85,
19.15,
0.0,
1.0
]
}
}
]
},
{
"I": 83,
"DU": 1,
"E": [
{
"SI": {
"SN": "thrown candy",
"IN": "",
"ST": "G",
"FF": 8,
"LP": "PO",
"TRP": {
"x": 114.7,
"y": 71.85
},
"M3D": [
1.0,
0.0,
0.0,
0.0,
0.0,
1.0,
0.0,
0.0,
0.0,
0.0,
1.0,
0.0,
163.45,
19.15,
0.0,
1.0
]
}
},
{
"SI": {
"SN": "thrown candy 2",
"IN": "",
"ST": "G",
"FF": 14,
"LP": "PO",
"TRP": {
"x": 114.7,
"y": 71.85
},
"M3D": [
-1.0,
0.0,
0.0,
0.0,
0.0,
1.0,
0.0,
0.0,
0.0,
0.0,
1.0,
0.0,
693.85,
19.15,
0.0,
1.0
]
}
}
]
},
{
"I": 84,
"DU": 1,
"E": [
{
"SI": {
"SN": "thrown candy",
"IN": "",
"ST": "G",
"FF": 9,
"LP": "PO",
"TRP": {
"x": 114.7,
"y": 71.85
},
"M3D": [
1.0,
0.0,
0.0,
0.0,
0.0,
1.0,
0.0,
0.0,
0.0,
0.0,
1.0,
0.0,
163.45,
19.15,
0.0,
1.0
]
}
},
{
"SI": {
"SN": "thrown candy 2",
"IN": "",
"ST": "G",
"FF": 14,
"LP": "PO",
"TRP": {
"x": 114.7,
"y": 71.85
},
"M3D": [
-1.0,
0.0,
0.0,
0.0,
0.0,
1.0,
0.0,
0.0,
0.0,
0.0,
1.0,
0.0,
693.85,
19.15,
0.0,
1.0
]
}
}
]
},
{
"I": 85,
"DU": 1,
"E": [
{
"SI": {
"SN": "thrown candy",
"IN": "",
"ST": "G",
"FF": 10,
"LP": "PO",
"TRP": {
"x": 114.7,
"y": 71.85000000000001
},
"M3D": [
1.0,
0.0,
0.0,
0.0,
0.0,
1.0,
0.0,
0.0,
0.0,
0.0,
1.0,
0.0,
163.45,
19.15,
0.0,
1.0
]
}
},
{
"SI": {
"SN": "thrown candy 2",
"IN": "",
"ST": "G",
"FF": 14,
"LP": "PO",
"TRP": {
"x": 114.7,
"y": 71.85000000000001
},
"M3D": [
-1.0,
0.0,
0.0,
0.0,
0.0,
1.0,
0.0,
0.0,
0.0,
0.0,
1.0,
0.0,
693.85,
19.15,
0.0,
1.0
]
}
},
{
"SI": {
"SN": "thrown candy 2",
"IN": "",
"ST": "G",
"FF": 0,
"LP": "LP",
"TRP": {
"x": 114.7,
"y": 71.85000000000001
},
"M3D": [
-1.0,
0.0,
0.0,
0.0,
0.0,
1.0,
0.0,
0.0,
0.0,
0.0,
1.0,
0.0,
693.85,
19.15,
0.0,
1.0
]
}
}
]
},
{
"I": 86,
"DU": 1,
"E": [
{
"SI": {
"SN": "thrown candy",
"IN": "",
"ST": "G",
"FF": 11,
"LP": "PO",
"TRP": {
"x": 114.7,
"y": 71.85
},
"M3D": [
1.0,
0.0,
0.0,
0.0,
0.0,
1.0,
0.0,
0.0,
0.0,
0.0,
1.0,
0.0,
163.45,
19.15,
0.0,
1.0
]
}
},
{
"SI": {
"SN": "thrown candy 2",
"IN": "",
"ST": "G",
"FF": 14,
"LP": "PO",
"TRP": {
"x": 114.7,
"y": 71.85
},
"M3D": [
-1.0,
0.0,
0.0,
0.0,
0.0,
1.0,
0.0,
0.0,
0.0,
0.0,
1.0,
0.0,
693.85,
19.15,
0.0,
1.0
]
}
},
{
"SI": {
"SN": "thrown candy 2",
"IN": "",
"ST": "G",
"FF": 1,
"LP": "LP",
"TRP": {
"x": 114.7,
"y": 71.85
},
"M3D": [
-1.0,
0.0,
0.0,
0.0,
0.0,
1.0,
0.0,
0.0,
0.0,
0.0,
1.0,
0.0,
693.85,
19.15,
0.0,
1.0
]
}
}
]
},
{
"I": 87,
"DU": 1,
"E": [
{
"SI": {
"SN": "thrown candy",
"IN": "",
"ST": "G",
"FF": 12,
"LP": "PO",
"TRP": {
"x": 114.7,
"y": 71.85
},
"M3D": [
1.0,
0.0,
0.0,
0.0,
0.0,
1.0,
0.0,
0.0,
0.0,
0.0,
1.0,
0.0,
163.45,
19.15,
0.0,
1.0
]
}
},
{
"SI": {
"SN": "thrown candy 2",
"IN": "",
"ST": "G",
"FF": 14,
"LP": "PO",
"TRP": {
"x": 114.7,
"y": 71.85
},
"M3D": [
-1.0,
0.0,
0.0,
0.0,
0.0,
1.0,
0.0,
0.0,
0.0,
0.0,
1.0,
0.0,
693.85,
19.15,
0.0,
1.0
]
}
},
{
"SI": {
"SN": "thrown candy 2",
"IN": "",
"ST": "G",
"FF": 2,
"LP": "LP",
"TRP": {
"x": 114.7,
"y": 71.85
},
"M3D": [
-1.0,
0.0,
0.0,
0.0,
0.0,
1.0,
0.0,
0.0,
0.0,
0.0,
1.0,
0.0,
693.85,
19.15,
0.0,
1.0
]
}
}
]
},
{
"I": 88,
"DU": 1,
"E": [
{
"SI": {
"SN": "thrown candy",
"IN": "",
"ST": "G",
"FF": 13,
"LP": "PO",
"TRP": {
"x": 114.7,
"y": 71.85
},
"M3D": [
1.0,
0.0,
0.0,
0.0,
0.0,
1.0,
0.0,
0.0,
0.0,
0.0,
1.0,
0.0,
163.45,
19.15,
0.0,
1.0
]
}
},
{
"SI": {
"SN": "thrown candy 2",
"IN": "",
"ST": "G",
"FF": 14,
"LP": "PO",
"TRP": {
"x": 114.7,
"y": 71.85
},
"M3D": [
-1.0,
0.0,
0.0,
0.0,
0.0,
1.0,
0.0,
0.0,
0.0,
0.0,
1.0,
0.0,
693.85,
19.15,
0.0,
1.0
]
}
},
{
"SI": {
"SN": "thrown candy 2",
"IN": "",
"ST": "G",
"FF": 3,
"LP": "LP",
"TRP": {
"x": 114.7,
"y": 71.85
},
"M3D": [
-1.0,
0.0,
0.0,
0.0,
0.0,
1.0,
0.0,
0.0,
0.0,
0.0,
1.0,
0.0,
693.85,
19.15,
0.0,
1.0
]
}
}
]
},
{
"I": 89,
"DU": 1,
"E": [
{
"SI": {
"SN": "thrown candy",
"IN": "",
"ST": "G",
"FF": 14,
"LP": "PO",
"TRP": {
"x": 114.7,
"y": 71.85
},
"M3D": [
1.0,
0.0,
0.0,
0.0,
0.0,
1.0,
0.0,
0.0,
0.0,
0.0,
1.0,
0.0,
163.45,
19.15,
0.0,
1.0
]
}
},
{
"SI": {
"SN": "thrown candy 2",
"IN": "",
"ST": "G",
"FF": 14,
"LP": "PO",
"TRP": {
"x": 114.7,
"y": 71.85
},
"M3D": [
-1.0,
0.0,
0.0,
0.0,
0.0,
1.0,
0.0,
0.0,
0.0,
0.0,
1.0,
0.0,
693.85,
19.15,
0.0,
1.0
]
}
},
{
"SI": {
"SN": "thrown candy 2",
"IN": "",
"ST": "G",
"FF": 4,
"LP": "LP",
"TRP": {
"x": 114.7,
"y": 71.85
},
"M3D": [
-1.0,
0.0,
0.0,
0.0,
0.0,
1.0,
0.0,
0.0,
0.0,
0.0,
1.0,
0.0,
693.85,
19.15,
0.0,
1.0
]
}
}
]
},
{
"I": 90,
"DU": 1,
"E": [
{
"SI": {
"SN": "thrown candy",
"IN": "",
"ST": "G",
"FF": 14,
"LP": "PO",
"TRP": {
"x": 114.7,
"y": 71.85
},
"M3D": [
1.0,
0.0,
0.0,
0.0,
0.0,
1.0,
0.0,
0.0,
0.0,
0.0,
1.0,
0.0,
163.45,
19.15,
0.0,
1.0
]
}
},
{
"SI": {
"SN": "thrown candy 2",
"IN": "",
"ST": "G",
"FF": 14,
"LP": "PO",
"TRP": {
"x": 114.7,
"y": 71.85
},
"M3D": [
-1.0,
0.0,
0.0,
0.0,
0.0,
1.0,
0.0,
0.0,
0.0,
0.0,
1.0,
0.0,
693.85,
19.15,
0.0,
1.0
]
}
},
{
"SI": {
"SN": "thrown candy 2",
"IN": "",
"ST": "G",
"FF": 5,
"LP": "LP",
"TRP": {
"x": 114.7,
"y": 71.85
},
"M3D": [
-1.0,
0.0,
0.0,
0.0,
0.0,
1.0,
0.0,
0.0,
0.0,
0.0,
1.0,
0.0,
693.85,
19.15,
0.0,
1.0
]
}
}
]
}
]
}
]
}
},
"SD": {
"S": [
{
"SN": "thrown candy 2",
"TL": {
"L": [
{
"LN": "Layer_1",
"FR": [
{
"I": 0,
"DU": 2,
"E": [
{
"SI": {
"SN": "lollypop",
"IN": "",
"ST": "MC",
"TRP": {
"x": 23.400000000000003,
"y": 36.2
},
"M3D": [
0.8728790283203125,
0.4879302978515625,
0.0,
0.0,
-0.4879302978515625,
0.8728790283203125,
0.0,
0.0,
0.0,
0.0,
1.0,
0.0,
137.45,
36.3,
0.0,
1.0
],
"F": {
"ACF": {
"BRT": 0.0,
"CT": 0.0,
"SAT": 0.0,
"H": -100.0
}
}
}
},
{
"SI": {
"SN": "swirly candy",
"IN": "",
"ST": "MC",
"TRP": {
"x": 44.65,
"y": 20.5
},
"M3D": [
0.9648284912109375,
-0.26287841796875,
0.0,
0.0,
0.26287841796875,
0.9648284912109375,
0.0,
0.0,
0.0,
0.0,
1.0,
0.0,
92.85,
89.45,
0.0,
1.0
],
"F": {
"ACF": {
"BRT": -11.0,
"CT": -38.0,
"SAT": 0.0,
"H": 104.0
}
}
}
},
{
"SI": {
"SN": "chocolate",
"IN": "",
"ST": "MC",
"TRP": {
"x": 35.050000000000007,
"y": 16.95
},
"M3D": [
0.367279052734375,
0.9300994873046875,
0.0,
0.0,
-0.9300994873046875,
0.367279052734375,
0.0,
0.0,
0.0,
0.0,
1.0,
0.0,
172.9,
21.25,
0.0,
1.0
]
}
},
{
"SI": {
"SN": "burst",
"IN": "",
"ST": "MC",
"TRP": {
"x": 11.8,
"y": 13.3
},
"M3D": [
1.0,
0.0,
0.0,
0.0,
0.0,
1.0,
0.0,
0.0,
0.0,
0.0,
1.0,
0.0,
144.5,
19.95,
0.0,
1.0
],
"F": {
"ACF": {
"BRT": 0.0,
"CT": 0.0,
"SAT": 0.0,
"H": -180.0
}
}
}
},
{
"SI": {
"SN": "gumball",
"IN": "",
"ST": "MC",
"TRP": {
"x": 12.100000000000002,
"y": 11.65
},
"M3D": [
1.0,
0.0,
0.0,
0.0,
0.0,
1.0,
0.0,
0.0,
0.0,
0.0,
1.0,
0.0,
111.9,
14.6,
0.0,
1.0
],
"F": {
"ACF": {
"BRT": 0.0,
"CT": 0.0,
"SAT": 0.0,
"H": 133.0
}
}
}
},
{
"SI": {
"SN": "candy corn",
"IN": "",
"ST": "MC",
"TRP": {
"x": 10.600000000000002,
"y": 13.05
},
"M3D": [
1.0,
0.0,
0.0,
0.0,
0.0,
1.0,
0.0,
0.0,
0.0,
0.0,
1.0,
0.0,
88.0,
28.6,
0.0,
1.0
]
}
},
{
"SI": {
"SN": "thin stick",
"IN": "",
"ST": "MC",
"TRP": {
"x": 36.7,
"y": 10.15
},
"M3D": [
0.722412109375,
-0.6914520263671875,
0.0,
0.0,
0.6914520263671875,
0.722412109375,
0.0,
0.0,
0.0,
0.0,
1.0,
0.0,
88.75,
81.85,
0.0,
1.0
],
"F": {
"ACF": {
"BRT": 62.0,
"CT": 0.0,
"SAT": 0.0,
"H": 30.0
}
}
}
}
]
},
{
"I": 2,
"DU": 2,
"E": [
{
"SI": {
"SN": "lollypop",
"IN": "",
"ST": "MC",
"TRP": {
"x": 23.45,
"y": 36.25
},
"M3D": [
0.6630706787109375,
-0.74853515625,
0.0,
0.0,
0.74853515625,
0.6630706787109375,
0.0,
0.0,
0.0,
0.0,
1.0,
0.0,
62.75,
55.85,
0.0,
1.0
],
"F": {
"ACF": {
"BRT": 0.0,
"CT": 0.0,
"SAT": 0.0,
"H": -100.0
}
}
}
},
{
"SI": {
"SN": "swirly candy",
"IN": "",
"ST": "MC",
"TRP": {
"x": 44.6,
"y": 20.45
},
"M3D": [
0.8639678955078125,
-0.5035400390625,
0.0,
0.0,
0.5035400390625,
0.8639678955078125,
0.0,
0.0,
0.0,
0.0,
1.0,
0.0,
69.5,
127.45,
0.0,
1.0
],
"F": {
"ACF": {
"BRT": -11.0,
"CT": -38.0,
"SAT": 0.0,
"H": 104.0
}
}
}
},
{
"SI": {
"SN": "chocolate",
"IN": "",
"ST": "MC",
"TRP": {
"x": 35.0,
"y": 16.95
},
"M3D": [
0.367279052734375,
0.9300994873046875,
0.0,
0.0,
-0.9300994873046875,
0.367279052734375,
0.0,
0.0,
0.0,
0.0,
1.0,
0.0,
191.35,
24.2,
0.0,
1.0
]
}
},
{
"SI": {
"SN": "burst",
"IN": "",
"ST": "MC",
"TRP": {
"x": 11.9,
"y": 13.35
},
"M3D": [
0.7254180908203125,
-0.68829345703125,
0.0,
0.0,
0.68829345703125,
0.7254180908203125,
0.0,
0.0,
0.0,
0.0,
1.0,
0.0,
137.1,
5.85,
0.0,
1.0
],
"F": {
"ACF": {
"BRT": 0.0,
"CT": 0.0,
"SAT": 0.0,
"H": -180.0
}
}
}
},
{
"SI": {
"SN": "gumball",
"IN": "",
"ST": "MC",
"TRP": {
"x": 12.15,
"y": 11.65
},
"M3D": [
0.9066162109375,
0.4219512939453125,
0.0,
0.0,
-0.4219512939453125,
0.9066162109375,
0.0,
0.0,
0.0,
0.0,
1.0,
0.0,
111.3,
-22.7,
0.0,
1.0
],
"F": {
"ACF": {
"BRT": 0.0,
"CT": 0.0,
"SAT": 0.0,
"H": 133.0
}
}
}
},
{
"SI": {
"SN": "candy corn",
"IN": "",
"ST": "MC",
"TRP": {
"x": 10.55,
"y": 13.100000000000002
},
"M3D": [
0.66644287109375,
-0.74554443359375,
0.0,
0.0,
0.74554443359375,
0.66644287109375,
0.0,
0.0,
0.0,
0.0,
1.0,
0.0,
70.7,
11.25,
0.0,
1.0
]
}
},
{
"SI": {
"SN": "thin stick",
"IN": "",
"ST": "MC",
"TRP": {
"x": 36.7,
"y": 10.100000000000002
},
"M3D": [
0.722412109375,
-0.6914520263671875,
0.0,
0.0,
0.6914520263671875,
0.722412109375,
0.0,
0.0,
0.0,
0.0,
1.0,
0.0,
1.5,
46.35,
0.0,
1.0
],
"F": {
"ACF": {
"BRT": 62.0,
"CT": 0.0,
"SAT": 0.0,
"H": 30.0
}
}
}
}
]
},
{
"I": 4,
"DU": 2,
"E": [
{
"SI": {
"SN": "lollypop",
"IN": "",
"ST": "MC",
"TRP": {
"x": 23.35,
"y": 36.25
},
"M3D": [
0.2722015380859375,
-0.96221923828125,
0.0,
0.0,
0.96221923828125,
0.2722015380859375,
0.0,
0.0,
0.0,
0.0,
1.0,
0.0,
22.0,
103.8,
0.0,
1.0
],
"F": {
"ACF": {
"BRT": 0.0,
"CT": 0.0,
"SAT": 0.0,
"H": -100.0
}
}
}
},
{
"SI": {
"SN": "swirly candy",
"IN": "",
"ST": "MC",
"TRP": {
"x": 44.550000000000007,
"y": 20.5
},
"M3D": [
0.707489013671875,
-0.7067108154296875,
0.0,
0.0,
0.7067108154296875,
0.707489013671875,
0.0,
0.0,
0.0,
0.0,
1.0,
0.0,
46.5,
192.95,
0.0,
1.0
],
"F": {
"ACF": {
"BRT": -11.0,
"CT": -38.0,
"SAT": 0.0,
"H": 104.0
}
}
}
},
{
"SI": {
"SN": "chocolate",
"IN": "",
"ST": "MC",
"TRP": {
"x": 35.050000000000007,
"y": 16.95
},
"M3D": [
0.0580902099609375,
0.9983062744140625,
0.0,
0.0,
-0.9983062744140625,
0.0580902099609375,
0.0,
0.0,
0.0,
0.0,
1.0,
0.0,
210.75,
49.95,
0.0,
1.0
]
}
},
{
"SI": {
"SN": "burst",
"IN": "",
"ST": "MC",
"TRP": {
"x": 11.85,
"y": 13.25
},
"M3D": [
0.7254180908203125,
-0.68829345703125,
0.0,
0.0,
0.68829345703125,
0.7254180908203125,
0.0,
0.0,
0.0,
0.0,
1.0,
0.0,
123.75,
20.65,
0.0,
1.0
],
"F": {
"ACF": {
"BRT": 0.0,
"CT": 0.0,
"SAT": 0.0,
"H": -180.0
}
}
}
},
{
"SI": {
"SN": "gumball",
"IN": "",
"ST": "MC",
"TRP": {
"x": 12.100000000000002,
"y": 11.65
},
"M3D": [
0.9066162109375,
0.4219512939453125,
0.0,
0.0,
-0.4219512939453125,
0.9066162109375,
0.0,
0.0,
0.0,
0.0,
1.0,
0.0,
90.6,
-13.1,
0.0,
1.0
],
"F": {
"ACF": {
"BRT": 0.0,
"CT": 0.0,
"SAT": 0.0,
"H": 133.0
}
}
}
},
{
"SI": {
"SN": "candy corn",
"IN": "",
"ST": "MC",
"TRP": {
"x": 10.600000000000002,
"y": 13.05
},
"M3D": [
0.66644287109375,
-0.74554443359375,
0.0,
0.0,
0.74554443359375,
0.66644287109375,
0.0,
0.0,
0.0,
0.0,
1.0,
0.0,
50.0,
20.1,
0.0,
1.0
]
}
},
{
"SI": {
"SN": "thin stick",
"IN": "",
"ST": "MC",
"TRP": {
"x": 36.65,
"y": 10.15
},
"M3D": [
0.6981353759765625,
-0.7159576416015625,
0.0,
0.0,
0.7159576416015625,
0.6981353759765625,
0.0,
0.0,
0.0,
0.0,
1.0,
0.0,
-23.8,
56.35,
0.0,
1.0
],
"F": {
"ACF": {
"BRT": 62.0,
"CT": 0.0,
"SAT": 0.0,
"H": 30.0
}
}
}
}
]
},
{
"I": 6,
"DU": 2,
"E": [
{
"SI": {
"SN": "lollypop",
"IN": "",
"ST": "MC",
"TRP": {
"x": 23.400000000000003,
"y": 36.25
},
"M3D": [
-0.228179931640625,
-0.973602294921875,
0.0,
0.0,
0.973602294921875,
-0.228179931640625,
0.0,
0.0,
0.0,
0.0,
1.0,
0.0,
12.55,
178.45,
0.0,
1.0
],
"F": {
"ACF": {
"BRT": 0.0,
"CT": 0.0,
"SAT": 0.0,
"H": -100.0
}
}
}
},
{
"SI": {
"SN": "swirly candy",
"IN": "",
"ST": "MC",
"TRP": {
"x": 44.65,
"y": 20.5
},
"M3D": [
0.4195556640625,
-0.90771484375,
0.0,
0.0,
0.90771484375,
0.4195556640625,
0.0,
0.0,
0.0,
0.0,
1.0,
0.0,
54.5,
274.35,
0.0,
1.0
],
"F": {
"ACF": {
"BRT": -11.0,
"CT": -38.0,
"SAT": 0.0,
"H": 104.0
}
}
}
},
{
"SI": {
"SN": "chocolate",
"IN": "",
"ST": "MC",
"TRP": {
"x": 35.050000000000007,
"y": 16.95
},
"M3D": [
0.0580902099609375,
0.9983062744140625,
0.0,
0.0,
-0.9983062744140625,
0.0580902099609375,
0.0,
0.0,
0.0,
0.0,
1.0,
0.0,
210.0,
137.95,
0.0,
1.0
]
}
},
{
"SI": {
"SN": "burst",
"IN": "",
"ST": "MC",
"TRP": {
"x": 11.85,
"y": 13.450000000000001
},
"M3D": [
0.057647705078125,
-0.9983367919921875,
0.0,
0.0,
0.9983367919921875,
0.057647705078125,
0.0,
0.0,
0.0,
0.0,
1.0,
0.0,
119.35,
82.75,
0.0,
1.0
],
"F": {
"ACF": {
"BRT": 0.0,
"CT": 0.0,
"SAT": 0.0,
"H": -180.0
}
}
}
},
{
"SI": {
"SN": "gumball",
"IN": "",
"ST": "MC",
"TRP": {
"x": 12.15,
"y": 11.65
},
"M3D": [
0.9117279052734375,
-0.4107513427734375,
0.0,
0.0,
0.4107513427734375,
0.9117279052734375,
0.0,
0.0,
0.0,
0.0,
1.0,
0.0,
67.55,
30.9,
0.0,
1.0
],
"F": {
"ACF": {
"BRT": 0.0,
"CT": 0.0,
"SAT": 0.0,
"H": 133.0
}
}
}
},
{
"SI": {
"SN": "candy corn",
"IN": "",
"ST": "MC",
"TRP": {
"x": 10.600000000000002,
"y": 12.950000000000001
},
"M3D": [
0.165924072265625,
-0.98614501953125,
0.0,
0.0,
0.98614501953125,
0.165924072265625,
0.0,
0.0,
0.0,
0.0,
1.0,
0.0,
23.3,
99.45,
0.0,
1.0
]
}
},
{
"SI": {
"SN": "thin stick",
"IN": "",
"ST": "MC",
"TRP": {
"x": 36.7,
"y": 10.25
},
"M3D": [
0.5453338623046875,
-0.8382110595703125,
0.0,
0.0,
0.8382110595703125,
0.5453338623046875,
0.0,
0.0,
0.0,
0.0,
1.0,
0.0,
-49.1,
131.1,
0.0,
1.0
],
"F": {
"ACF": {
"BRT": 62.0,
"CT": 0.0,
"SAT": 0.0,
"H": 30.0
}
}
}
}
]
},
{
"I": 8,
"DU": 2,
"E": [
{
"SI": {
"SN": "lollypop",
"IN": "",
"ST": "MC",
"TRP": {
"x": 23.45,
"y": 36.25
},
"M3D": [
-0.83770751953125,
-0.54608154296875,
0.0,
0.0,
0.54608154296875,
-0.83770751953125,
0.0,
0.0,
0.0,
0.0,
1.0,
0.0,
17.2,
291.1,
0.0,
1.0
],
"F": {
"ACF": {
"BRT": 0.0,
"CT": 0.0,
"SAT": 0.0,
"H": -100.0
}
}
}
},
{
"SI": {
"SN": "swirly candy",
"IN": "",
"ST": "MC",
"TRP": {
"x": 44.550000000000007,
"y": 20.45
},
"M3D": [
0.4195556640625,
-0.90771484375,
0.0,
0.0,
0.90771484375,
0.4195556640625,
0.0,
0.0,
0.0,
0.0,
1.0,
0.0,
31.6,
408.95,
0.0,
1.0
],
"F": {
"ACF": {
"BRT": -11.0,
"CT": -38.0,
"SAT": 0.0,
"H": 104.0
}
}
}
},
{
"SI": {
"SN": "chocolate",
"IN": "",
"ST": "MC",
"TRP": {
"x": 35.050000000000007,
"y": 16.95
},
"M3D": [
0.0580902099609375,
0.9983062744140625,
0.0,
0.0,
-0.9983062744140625,
0.0580902099609375,
0.0,
0.0,
0.0,
0.0,
1.0,
0.0,
207.8,
284.4,
0.0,
1.0
]
}
},
{
"SI": {
"SN": "burst",
"IN": "",
"ST": "MC",
"TRP": {
"x": 11.9,
"y": 13.3
},
"M3D": [
-0.5323333740234375,
-0.846527099609375,
0.0,
0.0,
0.846527099609375,
-0.5323333740234375,
0.0,
0.0,
0.0,
0.0,
1.0,
0.0,
123.2,
219.8,
0.0,
1.0
],
"F": {
"ACF": {
"BRT": 0.0,
"CT": 0.0,
"SAT": 0.0,
"H": -180.0
}
}
}
},
{
"SI": {
"SN": "gumball",
"IN": "",
"ST": "MC",
"TRP": {
"x": 12.05,
"y": 11.600000000000002
},
"M3D": [
0.9117279052734375,
-0.4107513427734375,
0.0,
0.0,
0.4107513427734375,
0.9117279052734375,
0.0,
0.0,
0.0,
0.0,
1.0,
0.0,
54.25,
91.55,
0.0,
1.0
],
"F": {
"ACF": {
"BRT": 0.0,
"CT": 0.0,
"SAT": 0.0,
"H": 133.0
}
}
}
},
{
"SI": {
"SN": "candy corn",
"IN": "",
"ST": "MC",
"TRP": {
"x": 10.600000000000002,
"y": 13.05
},
"M3D": [
0.165924072265625,
-0.98614501953125,
0.0,
0.0,
0.98614501953125,
0.165924072265625,
0.0,
0.0,
0.0,
0.0,
1.0,
0.0,
-9.95,
153.45,
0.0,
1.0
]
}
},
{
"SI": {
"SN": "thin stick",
"IN": "",
"ST": "MC",
"TRP": {
"x": 36.7,
"y": 10.25
},
"M3D": [
0.5453338623046875,
-0.8382110595703125,
0.0,
0.0,
0.8382110595703125,
0.5453338623046875,
0.0,
0.0,
0.0,
0.0,
1.0,
0.0,
-84.55,
255.35,
0.0,
1.0
],
"F": {
"ACF": {
"BRT": 62.0,
"CT": 0.0,
"SAT": 0.0,
"H": 30.0
}
}
}
}
]
},
{
"I": 10,
"DU": 2,
"E": [
{
"SI": {
"SN": "lollypop",
"IN": "",
"ST": "MC",
"TRP": {
"x": 23.55,
"y": 36.25
},
"M3D": [
-0.9951934814453125,
-0.097625732421875,
0.0,
0.0,
0.097625732421875,
-0.9951934814453125,
0.0,
0.0,
0.0,
0.0,
1.0,
0.0,
5.4,
539.85,
0.0,
1.0
],
"F": {
"ACF": {
"BRT": 0.0,
"CT": 0.0,
"SAT": 0.0,
"H": -100.0
}
}
}
},
{
"SI": {
"SN": "chocolate",
"IN": "",
"ST": "MC",
"TRP": {
"x": 35.050000000000007,
"y": 16.95
},
"M3D": [
0.0580902099609375,
0.9983062744140625,
0.0,
0.0,
-0.9983062744140625,
0.0580902099609375,
0.0,
0.0,
0.0,
0.0,
1.0,
0.0,
213.7,
385.7,
0.0,
1.0
]
}
},
{
"SI": {
"SN": "burst",
"IN": "",
"ST": "MC",
"TRP": {
"x": 11.9,
"y": 13.3
},
"M3D": [
-0.5323333740234375,
-0.846527099609375,
0.0,
0.0,
0.846527099609375,
-0.5323333740234375,
0.0,
0.0,
0.0,
0.0,
1.0,
0.0,
94.35,
372.15,
0.0,
1.0
],
"F": {
"ACF": {
"BRT": 0.0,
"CT": 0.0,
"SAT": 0.0,
"H": -180.0
}
}
}
},
{
"SI": {
"SN": "gumball",
"IN": "",
"ST": "MC",
"TRP": {
"x": 12.15,
"y": 11.65
},
"M3D": [
0.9117279052734375,
-0.4107513427734375,
0.0,
0.0,
0.4107513427734375,
0.9117279052734375,
0.0,
0.0,
0.0,
0.0,
1.0,
0.0,
10.65,
280.9,
0.0,
1.0
],
"F": {
"ACF": {
"BRT": 0.0,
"CT": 0.0,
"SAT": 0.0,
"H": 133.0
}
}
}
},
{
"SI": {
"SN": "candy corn",
"IN": "",
"ST": "MC",
"TRP": {
"x": 10.600000000000002,
"y": 13.0
},
"M3D": [
0.165924072265625,
-0.98614501953125,
0.0,
0.0,
0.98614501953125,
0.165924072265625,
0.0,
0.0,
0.0,
0.0,
1.0,
0.0,
-57.95,
350.15,
0.0,
1.0
]
}
},
{
"SI": {
"SN": "thin stick",
"IN": "",
"ST": "MC",
"TRP": {
"x": 36.65,
"y": 10.3
},
"M3D": [
0.5453338623046875,
-0.8382110595703125,
0.0,
0.0,
0.8382110595703125,
0.5453338623046875,
0.0,
0.0,
0.0,
0.0,
1.0,
0.0,
-165.2,
481.65,
0.0,
1.0
],
"F": {
"ACF": {
"BRT": 62.0,
"CT": 0.0,
"SAT": 0.0,
"H": 30.0
}
}
}
}
]
},
{
"I": 12,
"DU": 2,
"E": [
{
"SI": {
"SN": "burst",
"IN": "",
"ST": "MC",
"TRP": {
"x": 11.85,
"y": 13.450000000000001
},
"M3D": [
-0.5323333740234375,
-0.846527099609375,
0.0,
0.0,
0.846527099609375,
-0.5323333740234375,
0.0,
0.0,
0.0,
0.0,
1.0,
0.0,
91.4,
562.95,
0.0,
1.0
],
"F": {
"ACF": {
"BRT": 0.0,
"CT": 0.0,
"SAT": 0.0,
"H": -180.0
}
}
}
},
{
"SI": {
"SN": "gumball",
"IN": "",
"ST": "MC",
"TRP": {
"x": 12.100000000000002,
"y": 11.65
},
"M3D": [
0.9117279052734375,
-0.4107513427734375,
0.0,
0.0,
0.4107513427734375,
0.9117279052734375,
0.0,
0.0,
0.0,
0.0,
1.0,
0.0,
-9.35,
472.45,
0.0,
1.0
],
"F": {
"ACF": {
"BRT": 0.0,
"CT": 0.0,
"SAT": 0.0,
"H": 133.0
}
}
}
},
{
"SI": {
"SN": "candy corn",
"IN": "",
"ST": "MC",
"TRP": {
"x": 10.65,
"y": 13.05
},
"M3D": [
0.165924072265625,
-0.98614501953125,
0.0,
0.0,
0.98614501953125,
0.165924072265625,
0.0,
0.0,
0.0,
0.0,
1.0,
0.0,
-104.55,
530.55,
0.0,
1.0
]
}
}
]
},
{
"I": 14,
"DU": 1,
"E": []
}
]
}
]
}
},
{
"SN": "lollypop",
"TL": {
"L": [
{
"LN": "Layer_2",
"FR": [
{
"I": 0,
"DU": 1,
"E": [
{
"ASI": {
"N": "0000",
"M3D": [
0.9999847412109375,
0.0,
0.0,
0.0,
0.0,
0.9999847412109375,
0.0,
0.0,
0.0,
0.0,
1.0,
0.0,
0.0,
0.0,
0.0,
1.0
]
}
}
]
}
]
}
]
}
},
{
"SN": "swirly candy",
"TL": {
"L": [
{
"LN": "Layer_2",
"FR": [
{
"I": 0,
"DU": 1,
"E": [
{
"ASI": {
"N": "0001",
"M3D": [
0.9999847412109375,
0.0,
0.0,
0.0,
0.0,
0.9999847412109375,
0.0,
0.0,
0.0,
0.0,
1.0,
0.0,
0.0,
0.0,
0.0,
1.0
]
}
}
]
}
]
}
]
}
},
{
"SN": "chocolate",
"TL": {
"L": [
{
"LN": "Layer_2",
"FR": [
{
"I": 0,
"DU": 1,
"E": [
{
"ASI": {
"N": "0002",
"M3D": [
0.9999847412109375,
0.0,
0.0,
0.0,
0.0,
0.9999847412109375,
0.0,
0.0,
0.0,
0.0,
1.0,
0.0,
0.0,
0.0,
0.0,
1.0
]
}
}
]
}
]
}
]
}
},
{
"SN": "burst",
"TL": {
"L": [
{
"LN": "Layer_2",
"FR": [
{
"I": 0,
"DU": 1,
"E": [
{
"ASI": {
"N": "0003",
"M3D": [
0.9999847412109375,
0.0,
0.0,
0.0,
0.0,
0.9999847412109375,
0.0,
0.0,
0.0,
0.0,
1.0,
0.0,
0.0,
0.0,
0.0,
1.0
]
}
}
]
}
]
}
]
}
},
{
"SN": "gumball",
"TL": {
"L": [
{
"LN": "Layer_2",
"FR": [
{
"I": 0,
"DU": 1,
"E": [
{
"ASI": {
"N": "0004",
"M3D": [
0.9999847412109375,
0.0,
0.0,
0.0,
0.0,
0.9999847412109375,
0.0,
0.0,
0.0,
0.0,
1.0,
0.0,
0.0,
0.0,
0.0,
1.0
]
}
}
]
}
]
}
]
}
},
{
"SN": "candy corn",
"TL": {
"L": [
{
"LN": "Layer_2",
"FR": [
{
"I": 0,
"DU": 1,
"E": [
{
"ASI": {
"N": "0005",
"M3D": [
0.9999847412109375,
0.0,
0.0,
0.0,
0.0,
0.9999847412109375,
0.0,
0.0,
0.0,
0.0,
1.0,
0.0,
0.0,
0.0,
0.0,
1.0
]
}
}
]
}
]
}
]
}
},
{
"SN": "thin stick",
"TL": {
"L": [
{
"LN": "Layer_2",
"FR": [
{
"I": 0,
"DU": 1,
"E": [
{
"ASI": {
"N": "0006",
"M3D": [
1.0,
0.0,
0.0,
0.0,
0.0,
1.0,
0.0,
0.0,
0.0,
0.0,
1.0,
0.0,
0.0,
0.0,
0.0,
1.0
]
}
}
]
}
]
}
]
}
},
{
"SN": "thrown candy",
"TL": {
"L": [
{
"LN": "Layer_1",
"FR": [
{
"I": 0,
"DU": 2,
"E": [
{
"SI": {
"SN": "lollypop",
"IN": "",
"ST": "G",
"FF": 0,
"LP": "LP",
"TRP": {
"x": 23.35,
"y": 36.25
},
"M3D": [
0.8728790283203125,
0.4879302978515625,
0.0,
0.0,
-0.4879302978515625,
0.8728790283203125,
0.0,
0.0,
0.0,
0.0,
1.0,
0.0,
137.45,
36.3,
0.0,
1.0
]
}
},
{
"SI": {
"SN": "swirly candy",
"IN": "",
"ST": "G",
"FF": 0,
"LP": "LP",
"TRP": {
"x": 44.6,
"y": 20.45
},
"M3D": [
0.9648284912109375,
-0.26287841796875,
0.0,
0.0,
0.26287841796875,
0.9648284912109375,
0.0,
0.0,
0.0,
0.0,
1.0,
0.0,
92.85,
89.45,
0.0,
1.0
]
}
},
{
"SI": {
"SN": "chocolate",
"IN": "",
"ST": "G",
"FF": 0,
"LP": "LP",
"TRP": {
"x": 35.0,
"y": 16.95
},
"M3D": [
0.367279052734375,
0.9300994873046875,
0.0,
0.0,
-0.9300994873046875,
0.367279052734375,
0.0,
0.0,
0.0,
0.0,
1.0,
0.0,
172.9,
21.25,
0.0,
1.0
]
}
},
{
"SI": {
"SN": "burst",
"IN": "",
"ST": "G",
"FF": 0,
"LP": "LP",
"TRP": {
"x": 11.8,
"y": 13.3
},
"M3D": [
1.0,
0.0,
0.0,
0.0,
0.0,
1.0,
0.0,
0.0,
0.0,
0.0,
1.0,
0.0,
144.5,
19.95,
0.0,
1.0
]
}
},
{
"SI": {
"SN": "gumball",
"IN": "",
"ST": "G",
"FF": 0,
"LP": "LP",
"TRP": {
"x": 12.100000000000002,
"y": 11.65
},
"M3D": [
1.0,
0.0,
0.0,
0.0,
0.0,
1.0,
0.0,
0.0,
0.0,
0.0,
1.0,
0.0,
111.9,
14.6,
0.0,
1.0
]
}
},
{
"SI": {
"SN": "candy corn",
"IN": "",
"ST": "G",
"FF": 0,
"LP": "LP",
"TRP": {
"x": 10.600000000000002,
"y": 13.05
},
"M3D": [
1.0,
0.0,
0.0,
0.0,
0.0,
1.0,
0.0,
0.0,
0.0,
0.0,
1.0,
0.0,
88.0,
28.6,
0.0,
1.0
]
}
},
{
"SI": {
"SN": "thin stick",
"IN": "",
"ST": "G",
"FF": 0,
"LP": "LP",
"TRP": {
"x": 36.7,
"y": 10.15
},
"M3D": [
0.722412109375,
-0.6914520263671875,
0.0,
0.0,
0.6914520263671875,
0.722412109375,
0.0,
0.0,
0.0,
0.0,
1.0,
0.0,
88.75,
81.85,
0.0,
1.0
]
}
}
]
},
{
"I": 2,
"DU": 2,
"E": [
{
"SI": {
"SN": "lollypop",
"IN": "",
"ST": "G",
"FF": 0,
"LP": "LP",
"TRP": {
"x": 23.400000000000003,
"y": 36.25
},
"M3D": [
0.6630706787109375,
-0.74853515625,
0.0,
0.0,
0.74853515625,
0.6630706787109375,
0.0,
0.0,
0.0,
0.0,
1.0,
0.0,
62.75,
55.85,
0.0,
1.0
]
}
},
{
"SI": {
"SN": "swirly candy",
"IN": "",
"ST": "G",
"FF": 0,
"LP": "LP",
"TRP": {
"x": 44.550000000000007,
"y": 20.45
},
"M3D": [
0.8639678955078125,
-0.5035400390625,
0.0,
0.0,
0.5035400390625,
0.8639678955078125,
0.0,
0.0,
0.0,
0.0,
1.0,
0.0,
69.5,
127.45,
0.0,
1.0
]
}
},
{
"SI": {
"SN": "chocolate",
"IN": "",
"ST": "G",
"FF": 0,
"LP": "LP",
"TRP": {
"x": 35.0,
"y": 16.95
},
"M3D": [
0.367279052734375,
0.9300994873046875,
0.0,
0.0,
-0.9300994873046875,
0.367279052734375,
0.0,
0.0,
0.0,
0.0,
1.0,
0.0,
191.35,
24.2,
0.0,
1.0
]
}
},
{
"SI": {
"SN": "burst",
"IN": "",
"ST": "G",
"FF": 0,
"LP": "LP",
"TRP": {
"x": 11.85,
"y": 13.3
},
"M3D": [
0.7254180908203125,
-0.68829345703125,
0.0,
0.0,
0.68829345703125,
0.7254180908203125,
0.0,
0.0,
0.0,
0.0,
1.0,
0.0,
137.1,
5.85,
0.0,
1.0
]
}
},
{
"SI": {
"SN": "gumball",
"IN": "",
"ST": "G",
"FF": 0,
"LP": "LP",
"TRP": {
"x": 12.100000000000002,
"y": 11.65
},
"M3D": [
0.9066162109375,
0.4219512939453125,
0.0,
0.0,
-0.4219512939453125,
0.9066162109375,
0.0,
0.0,
0.0,
0.0,
1.0,
0.0,
111.3,
-22.7,
0.0,
1.0
]
}
},
{
"SI": {
"SN": "candy corn",
"IN": "",
"ST": "G",
"FF": 0,
"LP": "LP",
"TRP": {
"x": 10.600000000000002,
"y": 13.05
},
"M3D": [
0.66644287109375,
-0.74554443359375,
0.0,
0.0,
0.74554443359375,
0.66644287109375,
0.0,
0.0,
0.0,
0.0,
1.0,
0.0,
70.7,
11.25,
0.0,
1.0
]
}
},
{
"SI": {
"SN": "thin stick",
"IN": "",
"ST": "G",
"FF": 0,
"LP": "LP",
"TRP": {
"x": 36.7,
"y": 10.15
},
"M3D": [
0.722412109375,
-0.6914520263671875,
0.0,
0.0,
0.6914520263671875,
0.722412109375,
0.0,
0.0,
0.0,
0.0,
1.0,
0.0,
1.5,
46.35,
0.0,
1.0
]
}
}
]
},
{
"I": 4,
"DU": 2,
"E": [
{
"SI": {
"SN": "lollypop",
"IN": "",
"ST": "G",
"FF": 0,
"LP": "LP",
"TRP": {
"x": 23.35,
"y": 36.25
},
"M3D": [
0.2722015380859375,
-0.96221923828125,
0.0,
0.0,
0.96221923828125,
0.2722015380859375,
0.0,
0.0,
0.0,
0.0,
1.0,
0.0,
22.0,
103.8,
0.0,
1.0
]
}
},
{
"SI": {
"SN": "swirly candy",
"IN": "",
"ST": "G",
"FF": 0,
"LP": "LP",
"TRP": {
"x": 44.550000000000007,
"y": 20.5
},
"M3D": [
0.707489013671875,
-0.7067108154296875,
0.0,
0.0,
0.7067108154296875,
0.707489013671875,
0.0,
0.0,
0.0,
0.0,
1.0,
0.0,
46.5,
192.95,
0.0,
1.0
]
}
},
{
"SI": {
"SN": "chocolate",
"IN": "",
"ST": "G",
"FF": 0,
"LP": "LP",
"TRP": {
"x": 35.0,
"y": 16.95
},
"M3D": [
0.0580902099609375,
0.9983062744140625,
0.0,
0.0,
-0.9983062744140625,
0.0580902099609375,
0.0,
0.0,
0.0,
0.0,
1.0,
0.0,
210.75,
49.95,
0.0,
1.0
]
}
},
{
"SI": {
"SN": "burst",
"IN": "",
"ST": "G",
"FF": 0,
"LP": "LP",
"TRP": {
"x": 11.85,
"y": 13.3
},
"M3D": [
0.7254180908203125,
-0.68829345703125,
0.0,
0.0,
0.68829345703125,
0.7254180908203125,
0.0,
0.0,
0.0,
0.0,
1.0,
0.0,
123.75,
20.65,
0.0,
1.0
]
}
},
{
"SI": {
"SN": "gumball",
"IN": "",
"ST": "G",
"FF": 0,
"LP": "LP",
"TRP": {
"x": 12.100000000000002,
"y": 11.65
},
"M3D": [
0.9066162109375,
0.4219512939453125,
0.0,
0.0,
-0.4219512939453125,
0.9066162109375,
0.0,
0.0,
0.0,
0.0,
1.0,
0.0,
90.6,
-13.1,
0.0,
1.0
]
}
},
{
"SI": {
"SN": "candy corn",
"IN": "",
"ST": "G",
"FF": 0,
"LP": "LP",
"TRP": {
"x": 10.600000000000002,
"y": 13.05
},
"M3D": [
0.66644287109375,
-0.74554443359375,
0.0,
0.0,
0.74554443359375,
0.66644287109375,
0.0,
0.0,
0.0,
0.0,
1.0,
0.0,
50.0,
20.1,
0.0,
1.0
]
}
},
{
"SI": {
"SN": "thin stick",
"IN": "",
"ST": "G",
"FF": 0,
"LP": "LP",
"TRP": {
"x": 36.7,
"y": 10.200000000000001
},
"M3D": [
0.6981353759765625,
-0.7159576416015625,
0.0,
0.0,
0.7159576416015625,
0.6981353759765625,
0.0,
0.0,
0.0,
0.0,
1.0,
0.0,
-23.8,
56.35,
0.0,
1.0
]
}
}
]
},
{
"I": 6,
"DU": 2,
"E": [
{
"SI": {
"SN": "lollypop",
"IN": "",
"ST": "G",
"FF": 0,
"LP": "LP",
"TRP": {
"x": 23.400000000000003,
"y": 36.25
},
"M3D": [
-0.228179931640625,
-0.973602294921875,
0.0,
0.0,
0.973602294921875,
-0.228179931640625,
0.0,
0.0,
0.0,
0.0,
1.0,
0.0,
12.55,
178.45,
0.0,
1.0
]
}
},
{
"SI": {
"SN": "swirly candy",
"IN": "",
"ST": "G",
"FF": 0,
"LP": "LP",
"TRP": {
"x": 44.550000000000007,
"y": 20.5
},
"M3D": [
0.4195556640625,
-0.90771484375,
0.0,
0.0,
0.90771484375,
0.4195556640625,
0.0,
0.0,
0.0,
0.0,
1.0,
0.0,
54.5,
274.35,
0.0,
1.0
]
}
},
{
"SI": {
"SN": "chocolate",
"IN": "",
"ST": "G",
"FF": 0,
"LP": "LP",
"TRP": {
"x": 35.0,
"y": 16.95
},
"M3D": [
0.0580902099609375,
0.9983062744140625,
0.0,
0.0,
-0.9983062744140625,
0.0580902099609375,
0.0,
0.0,
0.0,
0.0,
1.0,
0.0,
210.0,
137.95,
0.0,
1.0
]
}
},
{
"SI": {
"SN": "burst",
"IN": "",
"ST": "G",
"FF": 0,
"LP": "LP",
"TRP": {
"x": 11.85,
"y": 13.35
},
"M3D": [
0.057647705078125,
-0.9983367919921875,
0.0,
0.0,
0.9983367919921875,
0.057647705078125,
0.0,
0.0,
0.0,
0.0,
1.0,
0.0,
119.35,
82.75,
0.0,
1.0
]
}
},
{
"SI": {
"SN": "gumball",
"IN": "",
"ST": "G",
"FF": 0,
"LP": "LP",
"TRP": {
"x": 12.100000000000002,
"y": 11.65
},
"M3D": [
0.9117279052734375,
-0.4107513427734375,
0.0,
0.0,
0.4107513427734375,
0.9117279052734375,
0.0,
0.0,
0.0,
0.0,
1.0,
0.0,
67.55,
30.9,
0.0,
1.0
]
}
},
{
"SI": {
"SN": "candy corn",
"IN": "",
"ST": "G",
"FF": 0,
"LP": "LP",
"TRP": {
"x": 10.600000000000002,
"y": 13.05
},
"M3D": [
0.165924072265625,
-0.98614501953125,
0.0,
0.0,
0.98614501953125,
0.165924072265625,
0.0,
0.0,
0.0,
0.0,
1.0,
0.0,
23.3,
99.45,
0.0,
1.0
]
}
},
{
"SI": {
"SN": "thin stick",
"IN": "",
"ST": "G",
"FF": 0,
"LP": "LP",
"TRP": {
"x": 36.7,
"y": 10.25
},
"M3D": [
0.5453338623046875,
-0.8382110595703125,
0.0,
0.0,
0.8382110595703125,
0.5453338623046875,
0.0,
0.0,
0.0,
0.0,
1.0,
0.0,
-49.1,
131.1,
0.0,
1.0
]
}
}
]
},
{
"I": 8,
"DU": 2,
"E": [
{
"SI": {
"SN": "lollypop",
"IN": "",
"ST": "G",
"FF": 0,
"LP": "LP",
"TRP": {
"x": 23.45,
"y": 36.25
},
"M3D": [
-0.83770751953125,
-0.54608154296875,
0.0,
0.0,
0.54608154296875,
-0.83770751953125,
0.0,
0.0,
0.0,
0.0,
1.0,
0.0,
17.2,
291.1,
0.0,
1.0
]
}
},
{
"SI": {
"SN": "swirly candy",
"IN": "",
"ST": "G",
"FF": 0,
"LP": "LP",
"TRP": {
"x": 44.550000000000007,
"y": 20.5
},
"M3D": [
0.4195556640625,
-0.90771484375,
0.0,
0.0,
0.90771484375,
0.4195556640625,
0.0,
0.0,
0.0,
0.0,
1.0,
0.0,
31.6,
408.95,
0.0,
1.0
]
}
},
{
"SI": {
"SN": "chocolate",
"IN": "",
"ST": "G",
"FF": 0,
"LP": "LP",
"TRP": {
"x": 35.0,
"y": 16.95
},
"M3D": [
0.0580902099609375,
0.9983062744140625,
0.0,
0.0,
-0.9983062744140625,
0.0580902099609375,
0.0,
0.0,
0.0,
0.0,
1.0,
0.0,
207.8,
284.4,
0.0,
1.0
]
}
},
{
"SI": {
"SN": "burst",
"IN": "",
"ST": "G",
"FF": 0,
"LP": "LP",
"TRP": {
"x": 11.85,
"y": 13.35
},
"M3D": [
-0.5323333740234375,
-0.846527099609375,
0.0,
0.0,
0.846527099609375,
-0.5323333740234375,
0.0,
0.0,
0.0,
0.0,
1.0,
0.0,
123.2,
219.8,
0.0,
1.0
]
}
},
{
"SI": {
"SN": "gumball",
"IN": "",
"ST": "G",
"FF": 0,
"LP": "LP",
"TRP": {
"x": 12.100000000000002,
"y": 11.65
},
"M3D": [
0.9117279052734375,
-0.4107513427734375,
0.0,
0.0,
0.4107513427734375,
0.9117279052734375,
0.0,
0.0,
0.0,
0.0,
1.0,
0.0,
54.25,
91.55,
0.0,
1.0
]
}
},
{
"SI": {
"SN": "candy corn",
"IN": "",
"ST": "G",
"FF": 0,
"LP": "LP",
"TRP": {
"x": 10.600000000000002,
"y": 13.05
},
"M3D": [
0.165924072265625,
-0.98614501953125,
0.0,
0.0,
0.98614501953125,
0.165924072265625,
0.0,
0.0,
0.0,
0.0,
1.0,
0.0,
-9.95,
153.45,
0.0,
1.0
]
}
},
{
"SI": {
"SN": "thin stick",
"IN": "",
"ST": "G",
"FF": 0,
"LP": "LP",
"TRP": {
"x": 36.7,
"y": 10.25
},
"M3D": [
0.5453338623046875,
-0.8382110595703125,
0.0,
0.0,
0.8382110595703125,
0.5453338623046875,
0.0,
0.0,
0.0,
0.0,
1.0,
0.0,
-84.55,
255.35,
0.0,
1.0
]
}
}
]
},
{
"I": 10,
"DU": 2,
"E": [
{
"SI": {
"SN": "chocolate",
"IN": "",
"ST": "G",
"FF": 0,
"LP": "LP",
"TRP": {
"x": 35.0,
"y": 16.95
},
"M3D": [
0.0580902099609375,
0.9983062744140625,
0.0,
0.0,
-0.9983062744140625,
0.0580902099609375,
0.0,
0.0,
0.0,
0.0,
1.0,
0.0,
213.7,
385.7,
0.0,
1.0
]
}
},
{
"SI": {
"SN": "burst",
"IN": "",
"ST": "G",
"FF": 0,
"LP": "LP",
"TRP": {
"x": 11.85,
"y": 13.35
},
"M3D": [
-0.5323333740234375,
-0.846527099609375,
0.0,
0.0,
0.846527099609375,
-0.5323333740234375,
0.0,
0.0,
0.0,
0.0,
1.0,
0.0,
94.35,
372.15,
0.0,
1.0
]
}
},
{
"SI": {
"SN": "gumball",
"IN": "",
"ST": "G",
"FF": 0,
"LP": "LP",
"TRP": {
"x": 12.100000000000002,
"y": 11.65
},
"M3D": [
0.9117279052734375,
-0.4107513427734375,
0.0,
0.0,
0.4107513427734375,
0.9117279052734375,
0.0,
0.0,
0.0,
0.0,
1.0,
0.0,
10.65,
280.9,
0.0,
1.0
]
}
},
{
"SI": {
"SN": "candy corn",
"IN": "",
"ST": "G",
"FF": 0,
"LP": "LP",
"TRP": {
"x": 10.600000000000002,
"y": 13.05
},
"M3D": [
0.165924072265625,
-0.98614501953125,
0.0,
0.0,
0.98614501953125,
0.165924072265625,
0.0,
0.0,
0.0,
0.0,
1.0,
0.0,
-57.95,
350.15,
0.0,
1.0
]
}
},
{
"SI": {
"SN": "thin stick",
"IN": "",
"ST": "G",
"FF": 0,
"LP": "LP",
"TRP": {
"x": 36.7,
"y": 10.25
},
"M3D": [
0.5453338623046875,
-0.8382110595703125,
0.0,
0.0,
0.8382110595703125,
0.5453338623046875,
0.0,
0.0,
0.0,
0.0,
1.0,
0.0,
-165.2,
481.65,
0.0,
1.0
]
}
},
{
"SI": {
"SN": "lollypop",
"IN": "",
"ST": "MC",
"TRP": {
"x": 23.55,
"y": 36.25
},
"M3D": [
-0.9951934814453125,
-0.097625732421875,
0.0,
0.0,
0.097625732421875,
-0.9951934814453125,
0.0,
0.0,
0.0,
0.0,
1.0,
0.0,
5.4,
539.85,
0.0,
1.0
]
}
}
]
},
{
"I": 12,
"DU": 2,
"E": [
{
"SI": {
"SN": "burst",
"IN": "",
"ST": "MC",
"TRP": {
"x": 11.85,
"y": 13.450000000000001
},
"M3D": [
-0.5323333740234375,
-0.846527099609375,
0.0,
0.0,
0.846527099609375,
-0.5323333740234375,
0.0,
0.0,
0.0,
0.0,
1.0,
0.0,
91.4,
562.95,
0.0,
1.0
]
}
},
{
"SI": {
"SN": "gumball",
"IN": "",
"ST": "MC",
"TRP": {
"x": 12.100000000000002,
"y": 11.65
},
"M3D": [
0.9117279052734375,
-0.4107513427734375,
0.0,
0.0,
0.4107513427734375,
0.9117279052734375,
0.0,
0.0,
0.0,
0.0,
1.0,
0.0,
-9.35,
472.45,
0.0,
1.0
]
}
},
{
"SI": {
"SN": "candy corn",
"IN": "",
"ST": "MC",
"TRP": {
"x": 10.65,
"y": 13.05
},
"M3D": [
0.165924072265625,
-0.98614501953125,
0.0,
0.0,
0.98614501953125,
0.165924072265625,
0.0,
0.0,
0.0,
0.0,
1.0,
0.0,
-104.55,
530.55,
0.0,
1.0
]
}
}
]
},
{
"I": 14,
"DU": 1,
"E": []
}
]
}
]
}
}
]
},
"MD": {
"FRT": 24.0
}
}